100 100 5000
50 94
36 5
10 78
78 34
33 1
50 1
56 70
27 55
45 92
90 14
55 26
64 57
50 60
46 54
60 84
18 1
52 95
82 75
6 80
7 42
71 92
3 28
71 65
8 76
33 73
61 28
36 18
52 93
21 11
100 29
12 46
27 31
55 85
100 38
65 68
90 19
29 68
74 22
72 10
92 75
61 19
83 25
100 37
8 25
65 12
68 57
7 31
95 1
77 22
66 2
89 11
76 90
29 29
53 45
43 28
16 1
85 52
39 54
61 62
97 8
90 29
52 17
58 79
64 20
12 15
81 12
94 75
33 71
52 82
6 6
58 99
39 22
17 38
73 89
14 85
70 11
12 56
26 72
60 22
31 47
2 35
15 10
3 62
20 53
90 88
48 69
68 12
54 57
41 90
49 55
40 99
24 49
75 62
84 20
49 37
11 23
21 52
94 77
68 55
62 96
2 27
79 82
34 54
81 74
16 12
64 37
33 91
23 31
35 63
45 12
70 51
49 39
18 64
93 10
2 75
7 97
14 27
99 22
82 69
39 70
72 44
96 89
77 37
83 52
67 83
42 4
10 12
33 24
9 8
100 75
8 12
6 48
25 11
12 39
92 73
97 89
100 77
71 36
79 65
19 85
65 85
45 44
10 25
71 69
38 20
32 14
95 69
80 72
46 77
31 98
50 63
19 42
39 92
44 31
87 4
100 69
39 55
51 19
73 25
54 31
37 67
43 5
10 74
80 70
43 23
50 88
19 30
61 18
14 57
7 36
38 37
29 1
27 83
61 95
11 36
14 66
42 90
91 78
97 56
8 69
86 22
87 39
76 10
86 24
5 92
68 81
83 20
63 65
39 17
30 63
49 70
85 84
28 98
42 3
29 30
38 34
28 26
45 72
3 92
22 92
17 56
55 77
22 97
62 28
16 7
86 39
34 8
33 8
85 48
54 70
5 8
18 100
33 82
16 92
84 59
39 4
56 51
81 19
96 65
49 14
94 67
49 63
83 53
3 24
11 15
58 41
82 26
5 4
74 35
32 61
38 43
59 25
22 79
89 53
84 43
21 96
89 90
3 55
31 89
98 1
64 86
6 42
71 29
11 37
41 17
98 69
97 12
6 66
85 36
14 49
27 56
34 22
81 68
17 59
98 61
3 14
62 12
19 32
4 76
76 96
66 92
28 38
85 71
30 9
68 24
70 65
40 54
87 47
2 17
14 59
85 88
54 59
54 34
47 18
46 59
79 64
71 84
52 30
52 83
53 98
99 82
56 72
4 99
41 56
12 61
9 79
63 22
90 93
32 52
100 90
84 47
53 78
51 64
29 16
63 72
11 98
49 17
85 98
10 98
16 4
39 79
40 39
57 75
72 60
8 25
5 43
43 75
41 85
45 61
91 11
48 43
70 24
68 26
75 50
6 44
80 79
66 44
90 76
22 4
68 83
58 71
22 29
82 23
17 86
19 39
90 45
38 63
68 85
58 72
84 46
21 52
88 39
71 80
80 44
51 52
93 3
2 92
67 3
93 47
39 57
55 94
10 97
82 40
45 93
56 77
78 73
38 10
72 65
60 14
56 40
90 99
52 43
64 97
24 87
45 32
63 65
51 65
48 10
83 46
7 99
90 71
23 71
26 70
77 12
58 60
83 8
78 81
52 36
67 1
18 32
34 93
98 70
93 82
10 6
81 38
48 79
5 51
46 28
88 9
59 1
5 16
34 65
48 99
35 61
57 26
75 98
14 78
28 5
86 3
74 16
45 67
40 62
59 29
48 100
72 77
42 63
89 71
32 13
47 20
83 35
64 78
9 77
99 47
48 54
98 53
11 44
59 5
16 48
32 93
31 99
79 5
5 32
94 12
9 69
16 45
72 98
90 70
11 49
93 45
100 4
73 51
69 2
29 44
8 16
74 50
48 61
48 22
53 84
44 93
45 82
5 32
31 16
85 18
5 66
27 27
1 44
95 31
48 70
73 69
56 87
92 42
16 66
40 62
30 36
95 8
33 2
29 39
72 84
94 54
44 72
41 2
82 37
32 67
49 55
91 99
7 52
89 87
62 50
86 40
11 71
79 66
75 70
13 53
87 84
5 33
82 3
20 48
9 96
79 72
18 23
54 47
70 88
99 37
82 21
42 16
93 42
51 39
93 87
32 15
11 96
10 84
4 27
19 83
71 32
74 17
49 49
94 19
44 6
52 46
72 99
65 79
8 89
97 39
46 39
47 12
61 17
9 35
7 12
90 58
11 38
71 20
97 13
92 9
27 59
14 52
40 92
90 63
39 91
63 33
82 92
25 72
92 31
94 86
90 71
6 70
46 73
84 39
54 36
31 100
96 70
75 44
23 12
10 43
11 85
67 78
69 61
2 79
2 45
16 16
5 54
35 26
60 62
35 63
4 12
40 41
2 28
40 18
83 44
88 52
19 10
99 62
99 61
91 78
88 56
81 31
28 10
11 42
20 52
21 44
71 58
54 50
35 9
57 30
90 10
56 88
52 78
20 89
16 74
27 16
41 55
83 49
64 47
4 42
11 88
50 62
8 30
69 89
92 35
86 48
91 71
99 42
2 63
62 83
93 6
62 69
79 7
12 7
39 50
26 35
9 90
26 8
26 60
66 2
8 1
83 7
82 43
20 94
93 62
33 47
49 67
41 93
83 3
6 44
23 13
12 48
61 45
9 36
4 88
8 35
73 9
44 24
43 23
44 72
76 46
25 70
88 64
76 81
64 60
70 74
91 25
62 25
4 17
39 20
16 34
36 26
84 27
28 43
83 9
10 37
32 8
14 52
70 97
6 20
39 29
44 83
11 15
21 54
6 55
16 8
54 7
69 70
28 20
9 47
16 70
34 100
36 11
15 73
3 5
63 30
80 59
36 44
75 57
16 48
18 23
91 22
88 5
7 40
27 84
21 62
16 95
41 78
89 41
50 28
27 10
55 84
26 9
50 37
55 81
32 42
21 84
98 80
79 5
51 55
46 58
50 62
18 6
86 45
3 90
38 22
99 71
23 13
79 68
94 29
95 85
44 12
79 55
47 95
60 92
92 91
52 3
78 32
74 61
98 63
54 19
70 3
93 80
51 53
36 39
16 30
44 71
40 63
35 59
44 39
34 20
7 4
70 46
2 63
100 46
88 92
93 35
15 71
31 17
6 60
32 15
72 42
9 77
1 10
6 97
15 76
73 79
3 74
20 36
86 73
12 67
13 2
80 95
77 86
96 54
36 91
5 12
33 94
10 21
6 9
83 36
37 61
17 79
16 74
21 84
50 4
79 91
92 15
61 83
57 75
12 63
42 69
75 65
65 65
47 97
80 28
28 45
14 64
90 98
19 15
38 47
70 85
44 77
45 74
70 62
21 15
16 16
59 42
56 74
6 41
72 39
82 92
14 99
10 51
24 42
23 42
15 4
58 84
18 7
97 19
44 4
61 46
94 9
7 75
46 100
49 72
29 38
40 48
80 51
17 58
72 21
1 93
63 28
50 21
3 56
59 83
90 82
63 72
48 58
11 67
97 27
43 99
91 65
3 88
60 52
11 7
40 97
40 86
15 86
74 23
70 19
19 69
25 48
14 76
1 75
30 14
43 66
38 34
61 10
14 41
99 87
92 100
2 24
24 9
79 11
25 35
80 14
50 1
21 25
30 48
16 68
21 96
90 74
47 12
82 8
2 38
25 35
79 47
53 84
2 60
34 31
85 73
43 60
60 12
9 26
66 6
48 77
83 18
90 70
62 7
16 59
54 27
1 61
62 86
41 51
73 85
25 13
16 41
1 13
67 92
10 6
40 79
70 26
16 51
21 71
22 49
55 66
62 20
68 5
87 93
75 12
58 51
100 97
39 79
64 84
82 91
8 18
98 62
39 100
5 47
37 8
5 15
69 67
79 98
89 46
75 62
21 55
100 43
58 68
14 82
86 35
54 77
98 57
89 93
72 17
45 10
42 18
98 77
43 41
13 28
81 64
43 27
89 7
92 67
76 66
45 51
62 9
65 32
93 84
38 74
59 50
21 69
25 84
60 14
94 4
34 6
16 77
45 89
70 78
89 45
49 50
8 10
17 30
50 30
89 94
59 18
10 56
64 19
70 31
9 43
69 92
12 13
97 18
62 88
44 55
87 24
23 44
99 59
17 86
10 86
1 52
41 76
60 45
7 13
77 18
91 48
76 5
71 68
70 57
38 56
47 78
43 97
12 86
2 37
99 1
60 37
98 54
16 54
73 18
33 77
53 50
39 37
59 67
10 87
80 42
33 20
63 23
76 15
32 49
65 81
68 67
9 93
16 3
35 46
14 96
58 69
83 35
53 46
90 38
21 14
46 84
38 57
76 38
78 2
36 87
15 87
71 64
72 40
10 83
48 61
85 45
71 12
95 96
81 78
69 86
53 98
14 92
15 87
31 27
30 62
4 40
82 19
84 20
77 94
49 75
26 83
72 23
91 71
16 93
47 34
25 11
13 22
25 21
23 98
19 50
76 92
92 3
88 21
35 75
57 41
92 19
96 48
90 52
38 57
39 47
7 62
33 41
81 50
22 64
93 37
20 35
90 67
27 29
15 72
88 98
7 71
44 82
64 19
11 66
37 74
99 66
1 26
97 21
18 98
10 96
38 30
74 62
58 15
30 78
41 9
92 67
12 67
77 36
52 85
31 95
64 90
29 29
53 82
65 13
12 7
77 26
43 55
45 55
64 92
12 96
91 24
17 39
19 42
39 94
73 86
54 13
26 6
85 77
50 9
93 70
33 36
34 14
54 93
73 86
15 39
62 14
13 89
1 34
85 86
9 52
75 78
9 70
47 41
19 5
58 76
77 40
91 33
46 42
100 95
75 3
95 67
56 6
19 51
71 68
80 17
32 25
58 85
38 48
91 75
2 61
55 43
22 8
18 59
69 17
13 75
69 66
1 4
46 16
97 63
31 2
39 23
95 70
22 2
71 2
15 52
39 99
75 49
54 64
73 77
78 49
13 11
13 87
92 71
47 9
3 29
33 58
47 22
32 86
43 30
71 56
31 93
13 32
44 92
11 13
84 63
54 74
64 24
98 15
93 15
28 81
48 77
6 50
10 72
76 78
69 41
58 5
93 13
49 11
43 38
60 68
88 38
17 81
37 14
28 88
3 44
8 43
86 15
8 8
8 28
46 5
48 59
16 27
100 8
87 66
12 84
1 11
68 44
46 26
90 36
88 55
54 6
8 59
47 46
69 37
36 55
8 88
23 55
13 17
1 47
82 5
19 94
74 3
45 67
22 92
6 76
56 61
27 2
72 35
49 79
16 90
34 99
95 59
72 86
78 7
86 9
23 29
36 23
16 29
2 47
5 84
52 44
98 32
25 15
15 24
34 98
13 9
95 10
98 60
37 100
58 69
83 14
10 65
18 41
25 55
79 70
54 1
53 57
64 53
81 29
54 100
15 63
92 48
10 3
94 54
31 37
60 75
74 74
7 6
51 30
63 43
97 26
70 56
58 74
12 29
58 85
81 7
100 38
69 1
59 59
23 55
23 57
18 48
82 34
65 52
34 27
13 32
79 74
64 24
9 49
77 82
60 2
51 12
29 90
73 14
67 29
32 91
75 39
80 46
8 53
56 54
42 7
3 57
94 27
90 78
75 12
92 2
84 84
5 92
38 12
55 62
62 89
35 39
48 32
32 100
6 7
34 72
88 100
97 12
9 55
66 65
48 64
15 19
93 71
31 14
39 88
62 36
18 15
25 27
38 20
43 3
20 97
1 31
89 84
68 71
76 8
4 10
64 45
48 79
24 52
1 23
64 97
92 34
21 36
1 18
80 71
50 9
17 10
5 27
35 44
62 68
48 42
89 64
62 58
41 96
76 58
26 39
44 37
44 71
79 11
73 5
88 28
92 15
17 54
56 99
35 92
97 42
92 59
49 88
36 85
24 8
22 5
22 84
93 86
83 58
27 44
41 55
9 69
13 73
21 93
88 100
41 32
80 77
61 1
32 13
29 96
20 14
52 54
74 73
13 13
27 29
85 67
91 93
62 56
49 27
52 88
25 21
13 27
35 68
98 95
77 100
52 48
37 41
45 84
2 68
34 2
50 83
98 17
37 86
5 13
32 17
82 6
81 27
3 26
86 69
3 78
41 25
59 45
60 75
74 47
2 5
98 4
18 56
69 69
43 38
20 34
90 75
60 39
1 85
82 13
97 83
41 36
75 11
96 54
31 3
33 91
5 85
42 17
81 24
51 63
99 19
25 77
96 42
53 19
12 16
56 60
29 74
52 7
84 30
44 68
28 21
50 1
92 84
22 35
10 47
67 12
95 95
18 84
25 100
22 15
40 31
36 38
88 14
42 50
16 64
11 67
5 48
24 24
71 69
86 83
62 65
65 19
91 62
92 81
17 54
98 66
98 87
73 16
16 27
53 70
15 74
81 99
16 78
43 100
81 17
86 60
23 42
14 100
17 81
35 24
80 69
78 41
94 91
4 86
92 93
1 90
4 82
98 36
36 14
80 29
3 43
34 80
74 42
81 60
43 51
31 7
10 47
45 50
47 16
94 84
44 56
29 90
99 76
90 49
2 84
78 100
13 12
66 61
64 25
83 61
17 89
71 64
3 77
95 63
46 54
89 50
20 96
97 14
86 47
21 51
28 84
90 8
50 7
81 68
16 11
51 13
76 59
69 96
28 8
45 3
90 52
38 63
17 9
86 51
27 16
59 6
68 2
26 62
99 12
45 9
98 52
49 52
28 36
56 83
39 2
78 75
33 74
53 40
69 87
79 8
91 14
83 10
16 38
13 52
99 33
20 63
30 12
2 80
1 96
47 29
58 69
46 74
69 41
86 89
42 62
4 33
13 62
95 35
94 16
89 12
55 48
4 96
80 15
97 55
2 72
4 33
96 63
54 48
2 57
16 74
47 66
78 18
62 75
1 56
85 28
66 21
95 77
51 70
29 13
19 36
80 88
97 44
81 82
30 13
85 9
41 15
40 28
81 52
14 26
94 82
54 78
96 8
43 5
54 18
51 90
79 72
22 15
11 58
41 61
52 86
54 1
72 11
61 98
43 6
8 59
19 61
55 50
40 3
50 95
5 63
20 3
73 69
78 6
70 15
41 67
54 78
69 63
92 19
55 73
27 65
69 77
70 5
81 32
78 33
69 96
12 83
43 38
78 77
34 44
91 71
7 62
80 81
29 52
67 55
16 33
6 51
73 40
48 89
17 60
100 67
43 80
99 20
44 92
33 7
14 22
55 17
33 93
69 95
46 6
15 51
38 75
90 82
47 65
33 10
98 79
77 62
53 2
66 15
55 70
55 88
75 99
29 94
54 7
53 81
14 21
33 78
20 17
50 81
8 91
56 12
100 55
94 99
11 58
28 16
81 2
83 35
81 64
20 38
50 2
29 46
91 9
37 73
38 53
39 61
100 64
7 47
91 21
45 9
12 33
63 42
84 81
77 8
27 48
56 9
45 81
20 82
22 72
47 44
16 25
12 13
22 61
37 43
83 17
22 29
6 95
93 19
54 32
34 39
31 88
52 38
44 72
43 58
58 93
35 75
62 38
98 81
83 12
37 31
25 64
99 54
94 79
64 77
70 81
94 9
30 71
26 26
97 82
9 25
64 2
37 54
12 1
8 85
71 41
69 68
79 80
11 92
75 17
70 37
16 18
31 13
7 14
80 57
42 65
58 43
64 35
61 44
83 4
58 65
49 43
71 6
47 83
23 59
91 51
36 67
100 5
91 99
4 44
64 59
22 80
63 48
49 57
10 98
82 77
73 90
82 27
16 81
76 39
69 31
90 98
14 14
90 36
98 8
66 26
100 68
37 67
79 37
52 27
14 4
29 43
96 87
34 44
44 88
14 89
45 85
42 9
52 63
87 81
95 94
36 48
65 15
55 6
87 69
89 42
52 74
80 25
52 81
80 7
52 8
97 38
37 84
1 5
98 15
62 30
46 27
27 33
3 5
32 49
86 60
83 2
55 55
71 73
48 55
17 51
41 65
34 36
36 77
32 25
52 95
50 46
44 39
31 82
66 54
21 80
49 11
23 14
56 12
58 49
24 69
72 57
46 87
19 17
11 11
42 3
98 42
49 88
16 8
19 34
82 38
48 95
66 65
41 19
91 53
26 3
9 3
2 52
6 6
6 4
48 97
64 91
55 10
2 2
66 68
24 97
34 92
83 30
36 6
44 8
64 30
53 78
62 61
7 45
13 65
2 68
19 50
54 78
5 97
82 95
51 67
14 60
44 29
5 86
72 90
89 9
19 55
81 2
32 48
87 100
18 41
51 23
83 47
27 95
18 69
71 11
91 55
100 31
47 41
42 1
96 54
96 60
20 19
45 66
82 39
89 48
59 46
81 56
68 26
24 71
80 74
87 41
64 22
35 25
30 32
94 44
24 25
52 46
83 83
65 84
1 55
70 81
38 40
64 50
71 26
4 70
57 18
8 55
37 87
91 67
58 90
10 39
79 91
30 58
24 23
54 19
31 62
97 36
21 70
33 47
3 36
29 79
54 35
88 92
39 74
79 76
64 78
32 2
29 36
6 65
50 47
2 71
63 70
55 13
54 22
74 2
48 18
9 86
83 58
30 80
4 40
12 1
66 65
26 78
27 29
27 38
75 14
71 72
62 71
40 27
86 86
81 15
23 70
48 4
96 95
83 75
20 88
90 22
33 87
71 21
76 17
18 43
81 30
100 90
62 63
24 94
57 59
77 17
75 31
67 73
1 90
61 21
85 42
36 69
37 40
55 100
56 49
79 64
90 37
49 29
43 76
98 71
51 96
90 86
17 34
38 80
38 10
45 78
90 90
7 21
70 44
18 28
24 31
25 62
40 35
86 9
56 25
23 6
60 3
60 57
80 10
81 94
23 9
88 66
36 9
7 84
8 62
44 51
76 65
77 48
76 58
91 82
53 70
86 46
68 14
100 66
53 39
11 58
71 49
45 1
33 2
19 22
18 75
70 11
70 82
94 11
38 100
20 72
19 48
48 8
90 30
72 93
47 97
93 81
84 22
36 15
5 37
88 44
38 3
78 22
32 43
86 51
70 35
70 11
81 62
41 67
28 39
38 78
38 45
95 98
4 90
73 88
94 47
81 82
18 50
62 86
62 47
30 11
16 65
4 95
91 48
68 56
44 80
9 93
99 74
12 98
88 27
52 60
39 67
100 7
24 95
69 81
15 90
89 23
96 2
98 36
34 47
54 2
40 14
33 46
41 88
29 28
69 26
74 4
1 97
3 79
14 39
27 17
95 4
57 57
70 60
72 83
54 6
91 66
6 74
70 69
5 99
53 97
1 43
89 30
26 93
94 52
41 14
41 44
19 90
95 54
73 1
10 90
61 21
30 56
27 57
5 10
17 40
45 20
65 98
11 87
70 84
26 59
54 88
17 4
50 7
90 8
47 54
64 54
98 76
40 75
63 34
64 45
84 66
53 50
57 22
35 83
84 69
63 82
79 44
81 32
29 31
68 7
38 43
75 47
94 28
93 63
34 75
1 47
56 9
56 19
85 5
61 55
84 96
1 25
29 96
39 75
7 78
70 62
51 68
57 74
83 7
12 65
16 82
91 34
85 22
72 90
92 1
57 37
82 70
95 79
95 74
61 3
52 17
35 62
99 72
88 69
92 48
22 1
57 69
54 3
39 76
98 39
36 71
68 26
83 74
82 1
99 63
50 59
17 7
37 18
72 92
55 61
18 64
31 50
61 76
26 22
75 3
85 3
20 90
64 35
91 40
9 66
44 46
66 38
81 48
13 27
67 96
62 55
8 69
38 44
19 85
7 36
61 79
91 78
95 83
3 54
25 32
29 3
6 57
18 46
93 77
90 69
8 72
45 97
15 78
16 80
73 78
69 79
48 21
65 7
35 51
24 93
41 71
70 40
48 78
80 66
4 81
85 90
39 80
53 73
54 99
9 74
21 84
33 24
56 12
62 27
38 36
91 82
76 24
87 28
67 74
94 82
42 76
46 1
63 67
16 49
81 93
68 53
69 79
10 64
65 32
91 21
77 6
40 3
89 31
70 51
48 85
91 2
84 30
4 72
58 98
60 27
97 23
6 38
51 71
44 89
96 90
88 14
92 31
55 90
20 52
52 42
17 30
95 18
97 12
72 99
62 45
36 57
89 97
19 44
8 36
51 5
57 41
68 9
43 49
17 93
10 64
4 28
3 71
58 2
54 37
34 47
65 48
92 61
58 15
46 92
52 93
35 78
95 69
28 51
82 5
64 23
71 98
24 3
38 58
56 14
66 37
69 32
9 18
40 46
15 38
88 85
47 23
48 90
46 42
100 23
89 19
90 59
85 43
84 24
66 28
42 38
17 17
86 21
92 84
85 59
12 49
68 36
13 38
7 55
35 93
3 34
48 63
46 79
46 1
6 25
7 9
34 66
36 48
25 78
32 22
1 18
74 24
52 72
90 37
63 63
49 17
78 35
62 40
28 10
18 46
84 62
61 64
38 70
14 94
89 25
82 64
42 18
28 72
93 82
58 10
52 16
40 42
49 67
73 15
21 99
60 25
83 70
15 30
85 94
12 75
75 35
66 66
31 43
79 28
26 34
84 31
62 100
45 81
51 50
71 28
31 12
48 31
30 62
71 67
43 38
53 16
95 70
8 39
80 28
42 84
41 11
14 5
93 54
71 37
69 55
38 91
80 32
71 15
38 33
87 51
88 91
74 68
84 22
24 92
13 39
6 4
23 93
2 43
9 17
99 58
27 98
8 96
14 59
84 49
75 4
9 50
57 75
50 31
23 66
17 85
42 63
13 1
47 65
73 7
38 39
40 76
24 36
54 58
99 53
8 69
60 18
71 71
12 79
61 1
76 11
1 2
56 32
78 18
47 19
92 7
45 31
47 60
1 45
80 82
26 6
10 28
6 92
22 55
67 11
76 11
94 5
34 74
21 42
38 47
64 86
37 44
61 21
70 61
38 100
2 4
43 97
82 92
84 1
86 30
5 84
90 88
94 6
22 87
35 1
99 40
73 66
49 2
90 89
96 39
14 93
68 47
7 96
33 68
52 82
79 68
94 16
87 65
100 45
19 19
45 97
17 2
12 76
100 9
68 34
90 62
30 1
46 81
52 62
86 37
32 18
85 17
78 76
20 64
59 52
82 31
67 18
27 96
26 52
94 84
99 2
99 83
85 76
24 16
88 79
6 1
12 78
64 48
38 37
44 79
60 79
48 26
77 48
41 11
38 17
74 80
100 20
60 21
48 53
33 13
18 60
48 19
62 62
84 14
84 17
48 69
94 91
99 18
40 83
20 45
37 68
6 21
1 8
11 89
47 33
3 40
18 67
64 59
39 29
32 11
42 98
55 59
14 92
52 65
74 3
3 60
51 100
1 79
36 2
47 73
10 15
100 68
52 97
35 98
42 43
94 90
74 14
90 16
20 33
39 8
1 16
82 100
35 26
82 45
24 22
45 47
64 20
93 35
92 62
76 66
89 97
24 93
82 23
76 52
60 94
63 90
64 70
90 15
2 73
34 13
69 88
32 46
74 8
79 39
83 50
96 14
85 11
23 62
42 51
65 83
1 52
94 17
63 30
3 71
40 10
50 65
47 72
65 31
23 73
24 9
51 53
86 19
86 96
56 54
48 16
34 98
68 71
87 47
30 58
27 59
100 41
48 6
26 30
51 4
1 22
89 37
50 72
86 43
83 45
89 57
61 77
42 24
4 78
89 25
30 99
57 27
75 37
1 35
23 83
94 12
45 85
14 14
83 21
49 57
93 13
55 14
2 1
54 85
38 74
73 11
9 25
50 24
17 98
33 66
21 37
27 12
50 22
23 1
30 41
30 57
15 93
42 59
10 90
93 25
86 10
72 29
13 49
28 61
77 25
20 97
43 37
1 17
2 90
3 18
3 40
14 31
50 36
66 46
88 27
43 33
4 55
56 66
53 17
58 42
68 46
22 45
7 15
41 8
66 73
4 69
91 43
84 52
74 87
6 48
23 15
29 40
75 40
46 11
84 54
37 59
2 52
50 78
28 24
82 68
81 30
41 74
80 24
60 87
31 1
28 12
72 84
54 14
47 86
6 24
1 21
28 97
2 51
30 79
99 58
92 46
100 61
97 4
60 49
55 45
36 67
75 8
48 69
23 28
18 96
4 41
25 8
36 15
93 84
1 58
30 30
12 77
99 3
70 60
34 52
65 52
90 80
94 98
68 86
99 65
42 55
40 78
69 33
88 73
7 43
46 13
3 57
33 93
29 12
98 50
54 15
52 10
8 13
75 55
22 99
62 9
56 31
14 6
98 86
12 12
19 55
78 33
93 17
4 94
87 3
54 30
40 84
66 11
51 26
32 35
100 8
17 80
35 27
57 90
51 97
1 7
66 33
42 85
55 19
12 44
33 21
66 79
4 89
35 9
35 94
94 65
53 25
63 79
88 43
31 34
24 44
2 10
68 80
76 63
28 88
45 88
19 53
42 35
59 12
58 58
83 13
33 31
21 50
89 97
11 96
66 82
17 93
16 65
48 5
45 65
89 58
84 45
8 100
86 20
27 87
71 13
64 76
13 23
65 11
34 86
67 42
72 57
74 15
82 13
55 55
77 20
51 83
24 72
80 13
6 31
58 9
71 42
62 71
70 86
35 44
14 79
65 40
47 89
51 41
28 37
36 3
72 12
95 25
74 88
61 45
26 27
23 73
77 34
84 53
60 83
13 81
14 79
97 46
44 60
77 13
99 13
1 100
17 93
39 26
89 44
25 36
85 42
18 93
94 60
19 50
91 100
37 90
45 6
30 41
55 18
82 30
6 26
39 87
78 94
9 29
17 47
96 92
81 42
60 60
92 40
59 72
70 83
49 7
76 100
45 25
36 61
36 24
38 55
1 24
74 72
84 37
3 54
64 4
8 92
31 6
38 63
80 16
99 53
24 44
66 90
70 5
7 51
34 34
74 16
49 62
12 15
48 4
91 7
90 14
100 44
65 14
46 59
37 80
12 94
67 9
79 63
80 6
36 89
56 82
79 89
88 1
38 27
22 21
79 13
41 66
51 25
80 14
24 78
82 60
75 94
52 78
16 47
40 19
11 3
31 19
63 87
74 94
42 63
28 39
85 77
99 9
50 16
66 85
60 16
20 51
26 96
33 16
97 66
42 13
91 45
93 73
81 65
82 65
85 13
68 40
13 29
57 35
37 86
14 39
23 43
95 6
30 97
72 93
68 29
61 95
78 11
28 48
26 15
24 77
87 15
21 27
66 87
7 63
80 80
24 76
33 57
43 85
19 57
11 30
95 3
54 90
46 96
47 44
80 66
62 94
28 81
27 76
80 50
68 62
75 1
49 100
72 1
23 99
97 72
65 100
78 77
92 54
25 65
94 37
55 9
70 66
64 1
42 67
52 35
9 71
2 44
91 11
31 20
16 60
84 89
30 29
36 1
89 58
89 66
41 87
38 20
53 46
3 1
90 96
61 25
82 54
24 84
76 17
87 5
26 85
20 94
47 62
65 21
31 26
59 26
12 2
73 75
54 12
49 43
47 42
19 48
46 65
79 10
7 74
30 36
88 77
17 41
14 56
90 40
86 71
55 51
47 14
61 7
70 12
58 5
74 19
51 16
78 73
18 54
76 26
4 93
11 29
10 99
41 1
10 15
71 84
13 83
39 47
81 47
65 93
49 87
34 50
49 6
97 69
36 87
7 45
95 8
3 13
13 43
31 75
46 37
98 95
1 39
75 17
33 55
26 24
100 23
51 63
11 85
88 79
50 98
60 7
66 74
31 20
68 75
92 60
57 58
23 61
47 87
30 16
18 11
82 1
29 71
9 42
56 89
43 51
21 84
76 77
94 58
84 51
61 17
60 54
63 30
85 92
30 2
82 29
60 68
57 90
17 64
100 48
13 38
38 2
71 79
61 25
41 69
97 5
62 90
23 40
21 2
41 100
16 85
27 70
37 17
83 6
69 86
80 43
8 17
40 95
37 95
81 48
51 21
35 62
52 90
1 97
6 85
34 24
51 84
43 88
16 86
3 71
59 73
22 100
52 81
98 67
95 14
91 82
39 64
2 28
67 60
75 83
78 11
21 5
37 87
48 59
98 80
93 21
68 60
88 7
34 22
51 38
37 14
63 64
29 10
38 4
15 89
72 41
6 16
30 58
72 74
68 96
69 58
55 93
16 80
64 40
25 33
100 83
34 60
65 84
94 49
10 36
32 98
88 86
54 25
64 12
41 24
61 25
100 60
31 91
66 49
69 11
22 61
53 14
72 48
82 35
65 99
23 32
46 88
43 20
93 53
49 42
77 15
58 99
16 63
9 98
36 47
7 65
16 18
73 96
78 29
32 18
58 79
48 100
88 6
9 66
23 4
82 17
62 81
51 99
60 45
82 26
81 46
70 100
39 20
86 13
11 9
85 15
38 6
98 70
8 3
58 88
68 95
54 96
56 98
4 59
61 12
98 88
76 25
15 1
48 52
29 8
84 74
72 48
68 82
81 81
84 50
3 82
77 21
43 76
61 32
6 29
30 52
21 72
95 93
41 89
70 1
81 97
26 45
85 87
5 97
49 95
46 76
51 99
58 54
66 8
8 17
3 27
31 95
22 37
96 34
99 22
50 55
16 94
55 98
96 6
8 70
73 32
80 85
45 89
6 22
62 1
45 54
17 7
29 39
2 68
32 72
59 86
55 43
46 96
76 16
41 79
9 6
29 89
63 8
27 19
73 78
32 95
35 11
95 79
95 3
33 76
31 50
92 19
73 68
89 54
97 64
81 20
97 52
83 54
7 91
88 81
35 49
4 81
8 40
89 57
2 76
62 86
14 90
10 27
93 42
67 41
66 94
26 35
48 52
1 42
52 52
73 19
85 23
65 79
74 56
91 76
85 4
62 17
58 2
38 92
91 25
37 8
67 18
42 90
84 18
12 1
74 32
92 21
35 21
8 19
34 77
66 7
24 81
89 74
50 86
82 16
73 94
58 33
60 12
24 4
36 87
95 36
5 70
95 63
52 2
1 74
73 85
48 8
100 47
26 16
61 36
36 5
37 68
23 12
60 39
84 68
5 42
11 71
61 68
17 9
32 94
71 62
65 88
11 38
28 24
90 12
87 58
19 93
99 39
96 2
65 1
71 28
9 91
64 17
14 64
14 92
24 29
7 83
43 100
70 32
53 50
20 34
47 37
63 98
78 84
44 86
29 71
51 31
7 82
61 87
11 79
22 30
39 52
37 24
15 35
65 32
86 84
93 81
59 81
96 90
30 34
48 5
74 92
30 9
20 92
91 4
54 49
85 12
49 98
60 14
52 71
92 65
92 83
9 53
1 22
42 12
88 37
91 7
6 59
10 22
79 4
62 13
77 18
31 58
95 43
9 36
20 45
99 7
18 25
92 43
71 8
42 28
99 17
75 63
66 55
9 26
57 46
49 41
17 5
1 68
100 47
27 95
18 64
79 18
80 84
89 31
31 34
83 29
79 39
30 53
34 5
70 52
49 71
69 5
2 47
70 27
73 11
16 38
37 27
42 22
90 79
69 96
78 25
96 1
65 2
84 18
22 57
13 22
15 62
38 72
16 36
97 61
5 58
86 78
15 85
74 67
38 19
59 38
80 5
27 23
64 54
95 30
18 23
39 23
40 23
71 55
43 68
44 99
97 93
97 70
54 15
70 5
5 99
56 67
25 17
47 95
17 79
64 68
62 26
74 3
91 23
73 30
39 90
31 82
96 58
62 15
87 57
66 80
1 19
4 80
69 83
69 25
59 50
42 37
85 31
24 90
97 4
4 75
16 84
4 72
58 23
49 29
70 86
94 72
73 67
50 39
68 57
27 45
95 22
7 28
29 98
96 40
81 84
47 81
82 100
56 67
20 39
78 95
51 52
75 1
34 12
35 16
65 20
75 55
64 20
68 14
64 15
6 78
11 71
43 50
8 59
52 21
77 63
24 73
34 13
35 35
71 73
87 38
86 84
7 79
66 74
13 98
52 46
46 50
52 63
43 86
32 12
83 52
57 30
80 96
63 2
84 54
65 94
62 54
57 64
73 97
98 58
81 93
59 10
72 1
27 78
52 7
32 1
25 74
85 84
57 28
46 47
89 42
98 92
87 64
76 22
84 61
83 23
5 6
2 96
29 71
9 67
66 74
70 20
78 53
69 89
89 84
7 91
10 51
73 73
2 94
57 32
4 15
57 14
52 58
6 84
63 64
93 31
89 93
24 46
34 39
59 14
53 53
69 60
11 62
8 95
1 7
33 99
46 43
17 62
39 92
33 98
4 72
47 4
88 68
31 15
34 90
78 62
20 14
30 96
56 17
51 30
70 1
80 26
84 61
67 91
18 33
84 41
23 8
28 80
40 22
23 66
72 45
91 93
16 68
56 3
26 1
30 52
29 24
30 67
28 93
10 97
57 33
14 55
88 50
91 94
4 52
76 32
18 99
88 47
2 30
17 7
48 83
62 31
72 69
87 76
25 51
66 12
39 59
81 38
31 75
73 59
50 13
90 81
23 46
29 53
73 57
95 71
73 61
91 58
1 52
71 6
59 76
19 73
12 35
44 10
93 52
73 50
99 62
41 41
51 89
56 70
70 52
91 38
27 28
87 10
16 72
94 37
82 54
90 19
90 54
42 1
80 47
16 51
26 78
64 44
42 44
84 2
81 4
97 25
98 33
52 66
59 69
87 72
38 42
47 15
7 56
57 33
50 22
96 54
25 18
17 9
37 58
78 74
70 4
61 76
56 2
50 6
84 5
68 1
92 97
76 48
44 28
7 28
66 75
12 96
41 33
3 62
50 13
92 13
68 41
75 42
18 73
52 94
15 93
27 74
14 93
68 78
40 15
10 48
28 36
33 28
1 12
33 69
63 92
78 83
55 22
58 68
29 40
30 75
9 3
78 68
46 27
24 41
28 8
72 81
8 87
54 98
70 51
16 27
87 91
50 92
25 92
60 75
92 85
85 31
66 7
23 94
75 4
70 49
8 84
26 1
82 62
28 83
16 97
16 7
6 98
83 53
92 7
100 88
15 6
36 57
86 12
23 94
61 34
70 23
43 78
20 50
59 3
1 37
74 58
90 54
16 41
54 49
9 54
45 50
66 57
100 58
72 83
2 90
60 95
75 94
46 71
42 85
49 92
8 59
46 51
44 53
9 28
29 68
15 49
57 8
85 93
76 100
61 35
36 79
69 97
25 27
89 34
100 30
42 64
78 62
37 8
82 34
69 59
96 31
19 13
82 65
4 73
64 42
45 85
33 1
78 86
88 73
43 100
81 65
13 14
10 100
82 8
70 97
13 50
62 61
53 74
29 34
28 31
5 12
19 21
1 35
9 32
78 36
57 96
27 65
98 68
85 83
47 100
23 96
32 61
39 70
28 3
54 71
23 86
87 78
48 21
60 59
37 57
96 8
7 7
81 67
86 17
74 70
32 27
17 9
54 76
20 38
81 33
9 3
15 21
80 5
59 92
81 63
6 56
60 93
36 37
46 43
39 32
65 30
7 33
43 41
87 75
92 38
71 51
94 84
91 82
2 4
65 16
74 20
88 4
5 36
61 96
31 5
35 47
43 5
70 100
23 16
71 23
55 77
4 70
17 96
75 12
81 24
46 9
57 82
27 11
64 76
78 19
97 56
72 53
39 22
25 49
95 29
43 90
6 83
62 45
22 40
40 51
76 28
30 88
23 72
32 92
44 86
34 20
86 82
4 82
77 5
6 15
48 58
89 57
48 20
29 93
40 7
44 7
87 67
16 13
85 83
37 11
41 16
78 4
63 93
86 34
2 3
19 7
59 29
59 28
66 97
3 69
53 39
33 16
10 52
61 55
61 67
40 79
92 20
18 98
28 82
10 9
86 55
12 72
18 91
80 40
3 53
90 58
3 86
70 74
15 88
96 75
4 100
36 82
45 53
13 58
5 8
89 75
80 81
23 56
82 40
80 27
24 77
74 95
63 77
11 69
23 37
66 72
74 66
85 47
58 84
100 81
94 9
29 80
56 41
26 19
86 11
43 90
83 67
92 25
70 24
68 73
88 38
91 66
75 16
79 42
93 40
50 39
86 83
68 28
54 96
61 82
12 65
97 70
11 73
80 88
54 55
85 46
29 52
58 75
10 91
83 47
18 65
45 39
71 51
33 71
15 65
97 100
3 91
79 53
26 22
94 71
96 81
70 92
91 1
32 72
9 15
95 62
52 7
6 30
83 93
68 69
43 40
38 6
71 2
11 57
92 23
45 70
56 35
96 23
89 55
37 40
91 100
53 55
31 71
84 7
100 100
41 90
97 10
60 72
19 65
43 44
17 23
50 50
54 45
50 43
56 5
77 40
79 30
32 10
64 48
89 43
28 74
12 10
45 26
38 57
5 46
62 60
6 78
100 59
66 91
43 72
78 76
67 95
42 12
32 51
2 18
42 89
92 77
86 85
7 88
61 18
63 55
4 87
78 16
4 48
11 72
85 86
2 31
91 27
33 95
53 10
58 65
78 34
9 70
9 8
48 4
32 46
22 58
65 55
2 98
50 53
71 30
16 26
6 66
43 16
2 51
12 87
23 30
47 38
61 28
35 69
28 43
57 85
26 79
66 39
5 87
66 20
32 39
82 42
50 5
29 63
70 84
47 46
53 72
30 32
21 29
55 1
10 52
14 9
95 36
21 18
44 23
27 94
24 56
96 67
50 13
1 55
69 9
76 51
1 55
14 80
8 47
41 88
2 63
15 35
69 91
52 94
38 78
66 58
77 44
87 34
75 28
73 73
83 87
14 43
94 16
53 23
52 15
49 91
73 61
17 62
4 61
74 82
71 37
46 77
24 37
18 61
9 57
91 65
28 98
65 52
85 38
8 17
40 21
84 100
66 5
88 7
72 78
51 45
24 71
64 58
77 89
49 89
98 93
51 74
59 66
85 7
33 9
78 13
63 97
92 57
81 7
39 13
13 2
47 41
92 52
20 90
32 29
36 27
12 34
23 96
86 7
86 20
66 53
88 83
67 34
35 96
67 91
36 78
26 12
83 53
12 77
93 20
69 65
59 53
79 87
9 21
52 12
88 28
77 71
50 32
30 69
64 54
23 50
84 98
93 22
85 93
55 9
53 50
72 24
27 41
98 72
17 58
20 66
4 5
77 14
43 64
50 98
91 56
6 51
26 10
100 82
59 37
41 80
69 80
37 40
78 61
65 46
81 13
47 25
61 85
63 34
40 70
17 13
48 65
59 46
96 21
76 64
44 29
71 38
68 59
12 3
66 79
89 52
70 82
82 77
27 2
74 36
65 35
32 17
55 8
35 43
35 48
18 70
80 21
60 20
20 87
16 30
62 25
61 18
55 36
15 97
10 85
70 71
58 10
87 64
85 15
100 67
38 51
60 86
23 33
65 77
33 79
51 96
10 53
58 84
30 8
19 58
66 35
96 99
6 52
50 12
48 92
77 85
74 17
83 49
21 45
41 9
29 19
75 23
54 85
15 43
16 85
10 16
19 46
15 64
21 84
49 26
70 1
63 30
59 94
67 19
83 57
17 9
18 100
29 77
55 27
25 42
89 76
68 7
6 4
40 3
33 15
95 85
14 9
5 80
8 63
47 100
3 37
71 24
72 22
85 51
39 78
2 53
28 25
32 75
82 96
6 11
20 89
98 23
44 79
24 41
82 24
33 80
43 41
94 58
81 96
80 85
80 22
37 61
86 38
40 55
86 33
33 4
10 36
93 38
1 53
22 32
9 72
8 18
58 5
95 63
3 7
76 6
17 98
39 17
54 94
7 92
28 41
46 23
93 59
31 43
99 74
30 18
100 20
51 95
80 17
60 4
14 74
61 44
46 8
54 1
69 23
88 10
92 6
88 87
19 72
1 14
100 26
25 6
4 27
40 59
9 25
29 64
56 17
33 89
23 51
98 13
23 93
81 61
92 94
16 100
68 63
16 98
98 37
50 40
97 22
25 45
94 54
85 43
51 90
99 78
56 95
54 18
28 69
72 92
13 84
5 86
21 25
14 68
95 14
10 48
2 68
32 35
29 14
28 25
99 99
31 34
30 40
78 15
19 63
14 85
100 56
60 54
30 2
32 64
66 83
60 47
8 46
39 75
92 78
87 39
81 88
80 31
23 90
31 60
25 22
99 98
64 10
84 23
59 49
66 10
31 67
8 91
67 11
83 14
42 42
29 4
33 34
52 51
93 37
20 74
13 91
7 52
21 25
85 69
11 71
64 6
75 22
99 83
78 16
88 88
71 55
54 9
91 32
25 19
67 61
33 99
60 37
18 10
63 15
68 56
31 67
81 39
92 48
68 36
62 81
22 56
99 27
91 16
2 47
40 59
81 58
35 29
46 20
24 50
82 59
32 37
99 45
15 83
8 69
48 44
79 53
24 47
78 76
20 79
51 18
1 83
55 24
89 56
27 50
29 82
27 37
81 3
82 11
49 4
78 37
58 86
12 20
72 81
5 80
55 54
66 62
8 18
42 43
44 26
74 28
81 59
44 97
36 95
53 62
30 14
82 4
62 10
10 79
9 54
23 72
54 27
78 43
81 45
64 35
63 21
91 17
99 33
27 7
89 99
95 65
92 27
24 15
37 57
60 38
2 78
31 13
77 12
52 32
56 84
99 64
99 97
20 66
97 99
83 7
82 97
33 29
81 57
72 60
58 30
40 84
85 96
7 22
27 92
99 34
25 55
62 46
15 40
87 46
13 50
60 89
65 52
3 21
18 82
51 80
26 81
64 85
60 62
62 66
48 31
88 16
52 1
65 33
19 96
60 55
20 46
46 29
42 61
41 83
63 39
67 99
32 50
64 2
52 26
65 39
5 38
43 34
8 68
80 26
24 8
61 65
47 63
77 91
24 31
14 59
64 91
2 65
52 98
69 95
49 36
66 47
53 52
36 85
27 2
47 79
65 68
48 53
96 53
14 95
43 74
23 70
13 17
23 31
31 44
91 15
67 78
15 56
1 13
26 25
39 56
71 33
22 89
42 82
96 19
31 90
64 34
43 19
30 80
74 83
48 24
34 75
46 38
42 21
24 77
46 37
89 13
39 84
84 2
58 33
7 31
74 2
46 15
39 91
71 29
31 66
24 71
17 86
50 61
81 85
50 9
15 26
2 71
74 25
51 87
69 26
88 27
30 100
26 14
15 6
36 4
75 1
14 31
89 17
87 79
7 26
16 56
66 67
92 36
46 86
57 68
50 68
85 11
11 56
79 34
91 47
24 88
4 50
67 58
85 91
97 20
65 91
25 14
95 33
56 29
27 49
17 78
83 88
73 13
58 39
13 16
18 95
89 23
36 26
2 32
62 29
23 7
9 100
42 72
25 100
6 70
63 88
88 68
94 25
19 3
53 67
89 95
64 53
9 3
22 6
91 55
88 47
15 33
89 53
42 97
97 19
6 46
59 17
16 66
71 75
9 46
2 17
22 27
35 1
57 97
38 60
98 33
86 55
31 22
47 62
21 97
11 98
79 75
20 86
48 21
92 95
33 62
83 66
9 84
29 69
6 92
40 30
41 82
6 96
61 10
1 22
44 20
54 74
15 99
93 41
21 88
91 33
84 7
54 72
85 86
71 18
74 6
52 95
85 4
41 36
31 21
6 7
86 51
36 62
37 71
77 52
62 99
36 4
30 32
26 37
22 82
16 43
82 41
7 70
44 9
26 63
10 66
90 76
48 17
98 35
12 34
95 73
84 90
44 33
84 95
12 35
33 19
57 5
34 98
87 89
41 48
27 66
34 30
61 81
5 46
83 73
49 18
60 42
26 98
11 59
47 2
74 44
21 38
34 7
14 29
50 34
69 85
56 77
59 33
60 26
37 15
33 11
25 53
13 9
93 18
69 55
18 70
50 98
55 18
6 10
57 46
63 59
83 93
99 59
37 27
74 35
69 63
48 6
74 96
15 1
47 34
17 97
12 50
38 47
82 71
18 45
89 24
22 7
76 83
86 41
67 23
30 57
36 50
70 81
5 55
100 62
95 59
36 4
81 79
96 49
43 89
38 74
80 20
28 74
95 47
54 46
83 3
26 82
95 56
17 100
42 57
82 39
14 96
5 92
76 90
15 54
52 24
33 21
72 70
3 75
88 58
46 79
48 57
77 11
85 10
65 41
5 88
24 90
90 57
22 74
95 41
39 13
24 77
16 75
31 10
52 52
36 10
39 59
93 54
48 24
71 35
23 9
18 86
66 26
99 62
72 93
60 36
17 53
56 31
91 64
15 72
80 16
78 73
65 90
71 1
9 49
32 15
87 31
56 64
17 43
76 88
34 38
1 29
15 16
22 31
45 27
6 95
34 3
6 99
71 54
95 72
70 83
40 67
5 76
21 70
35 81
97 90
66 5
52 74
95 53
50 55
23 80
61 96
74 13
13 74
58 17
87 77
93 16
88 53
24 59
88 43
6 16
3 92
97 33
22 84
96 48
31 45
76 28