4 15
19 65 92
28 57
26 39 41 91
40 77 92
15 39 66 91
1 9 24 33
7
32 50 67 85
54 61 90
18 38
1 77 80
15 21 26 51 73
35 51 57 74 75
13 86 88
21 26 27 59 89
5 37 38
76 79
5 28 67
7 38 57 87
1 34 95
24 43 50 99 100
4 25 48 63 64
53 85
57 58 69 92
43 61
17 59 65 66 72
26 63 68
11 14 27 30
51 80
19
27 44 75 89 100
6 17 25 93 99
30
56
36 52 70
32
11 25 62 72 75
8 46
37
46 95 98
15 23 27 33 80
16 53 85 99
2 16 37 79 97
32 47
56 62 87
38 65 79
5 26 40 47 77
94
23 50 57 80 95
10 29 51 60
100
59
50 56
8
24
6 21 37 98
60 83
18
16 60 76 83
75 76
76
11 23 79 85 97
8 30 44 76 90
26
97
85
8 14 50
40 64 91 100
8 37 38 54 55
2 31 80
13 74
55 79
32 71
40 54 61 88
4 5 58 82 99
6 15 62
99
7 91
83
10 46 56 93 100
14 29 45 93
41 57 65 66 72
41 45 60
35 59 83
45 51 61 82 94
26 64 72
9 76 79
12 26 36 68
34 45 68 71 79
43 74 77
36 46 55 77 86
8 24 25 51
47
5 35 36 76 95
22 31 69
54 81
33 62 71 87
34 45 71 77 82
91
96
1 23 50
12 16
16 21
61
11 17 72
37 95
25
16 21 43 71 99
11 22 23 28 71
37 54 99
40 48 55 61 94
20 33 64
4 36 46 55 91
22 26 66 69 83
52 85
93
47 56 64 92
11 66
10 93 94 98
2 52
1 27 77 89 98
3 11 13 31 57
50 95
13 21 60 75 79
53
8 50 61 91 98
21 71
11 47 70
17 29 79
2 21 31 54 86
8 29 52
11 40 66 69 89
13 16
25 89
23
1 12 22 52
11 64 77 93 99
3 26 83 84
5 63
52 55 67
6 62 63 99
38
4 81 82
15 64 68
18 48 83
1 23 33
27 43 76 78 80
23
12 13 58 81 96
5 6 69 91
25 95
37 67 68 75
1 48 62 66 92
65 67 73 100
19 48 92
4 60 82 94
19 21 56 61 70
20 85
32 58 63 64 95
22 35 57 79
40 41 43 94 96
13 86
3 12 17 87
2 5 63 72 73
11 28 98
26 32 43 80
2
90
98
36 55
39
65 66 91
3
11 29 45 85
25 27 33 62
7 34 56 62 69
16 22
26 36 55 61
6 45 48 77
98
21 31 44 97
57 89 90
5 12 34 68
22 26 47 56
22
6 19 36 38 89
7 66 80
6 20 37 94
28
73
22 54 71
2
36 40 89 90
7
33 61
28 71 82 95
14 25 98
21 85 93
20 65 94
42
89
27 32 71
38 46 78 99
22 40 50 70
33
22 24
36 84 97
2 25
3 10 71
58
65 99
25 83
5 8 11 12 33
21 32 63 74 88
28 31 40
1 2 25
59 67 71
13 14 77
14 30 41 47 51
30 88 98
9 75 78 84
31 50
48 60
5 40 41 45 52
63 81
9
22 28 55 93 95
6 41 54 72 85
14 31 58 92
11 16 34 78
4 45 57 68 77
24 40 58 86
3 79 85 87
18 19 26 48 72
23 59 98
6 17 33 44
15
2 33 48 61 99
31 82
86
3 18 19
15 32 42 45 47
3 10 15 79
29 36 47 48 82
55 71
8 50 96
5 8 65 80
88
33 42 84
5 9 44 54 84
4 30
19 63 68 79
5 12 18 96
67
13
10 14 29 49
80
13
60 85 89
28 48 88
65
15 28 53
29 50 72 98
25
29 41 46
98
12 68
64 81
22 70
4 9 25 27 41
76
20 28
40
71
28 29 94
26 86 91 99
29 43 67
15 53 68 87 92
36 48 52 79 85
8 33 59 66
25 33
40 42
47
18 31 87
25 52 55 85 90
13 76
17 62
18 69 94 96 99
53 54
96
10 33 61 62 63
13
9 100
43 44
70 72
7 59
4 42 49 83 85
3 39 44 46 80
35 58 62 78 90
12 24 97
43 58 77
13 66 78 98
42 43
35 40 66 69 76
2
87
1 55 59 65 88
14 16 37
40 72 81
64 79 83
23 24 93 99
11
33 36 42 43 69
41 77 87
12 27 66 69 94
13 27 40 64
56
15 17 31 64 82
36 48 81 91
49 72
5 39 47 71 90
16 29 41 55 95
17 30 43
9 17 44 51
36 67 81
20
3 28
8 70 77
12
53
46
9 63 66 89 98
57
68
7 35 54 77
83
15 24 62
3 75 91
18 29 47
56 58 77 92 98
34 57 79
46
4 46 49
38
23 29 48
3 46 87
4 26 78 85 88
7 38
23 27 80 98
57
32 54 68 78 82
14 89 94
28
52 72 76 90 93
7 22 53 67 96
41
25 44 69 73
55 84
35 41 95
6 39 94
47 56
20 53 57 69
67
40 65 78
60
59 70 90
42 69 84
47 61
76
11 19 85
48 87 90 100
29 42 70
9 51 52
61 78 79 99
7 33 53
23 47 50 82
9 19 28 68 69
61
86
15
15 17 88 98
1 53
1 67 91
6 50 82
10 35 49 60
33 41 42 98
2 58 59
39 43 62 88 95
23 40 49 83 95
35 100
4 96
4 65
27
5 6 20 37
74 80 89
2 24 39 47 60
4
9
15
8
47 59 76 96
4 44
33 77 88
6 40 71 89
68 73
81 89
10
30 46 52 60
26 30 67
52 57
6 51 58 80
43 57 77 92 94
38
10 86 98
35 45
9 18 25 51 58
89
14 18 25 45 70
11 39 55 80
7 76 85
4 59 71 77
49 50 56 70
33 48 89
43 51
43 49 96
35 97 99
19
24 68 92
44 97
14 58 72 78
10 43 88
17 30 68 98
24 51 100
4 35 89
56 90
1 16 23 46 95
49 96
14 24
6 35 73 90
6 17 21 83
3 21 61 77
30 51 71 78 85
21 49
12 57
28 31 74
21 33 70 97
7 10 53 74
5 11 73
55
54 71 92 93
53
59
17 46 47 62 90
27
2 40 66 83
41 43 100
4 12 23 38
46 48 62 80 89
40
46 57
1 4 69 95
12 19
91
20 47 92
44 57 70 77
4 17 24 48
29 51
26 78 86
19 70
61
1 70 84 92
14 59 64 66
10 30 69 89
32 48
37 62 95
10 35
18 41 57 63
34 96
11
13 98
29 36 43 45 78
17 20 57 87 94
22
85
23 28 88 95
37 43 48 81
21 33 56 79 81
5
75
27 50 64
6 50 61
3 17 29 32 95
42
4 8 20 40
81 97
23 77 92 94
2 68 94 96
36 37 83 87
4
43 66 99
24 39 55 98
74 89 94
5 84
1 24 50 66 73
15 45 83 87
39
44 53 57 86 91
48 70 71 96
82
26
47 53 70 82
9 29 51 73 79
57 91 93
2 94
18 23
18 60
91
29
23 30 68 81
9 14 35 62
43 64 84 94
3 16 100
41 56 63 67 98
14 19 25 58 92
23 65
19 44 91 96 97
59
50 52
38 45 67 91
7 18 48 75
2 6 16
23 80 92
1 18 77 85
4 9
43 57 63 76
13 15 79
21
19 20 27 58
31 37 42 89
68 100
36 50
85 88
6 9 44 65 74
50 67 73
25 36 43 70
32 73 75
23
15 81
81
59
96
51 58 68 79 89
22
60 97
20 29
32 60 64
17
1 3 7 67 84
2 80 82
64 91
3 15 37 85
60 70 71 77 91
66 79
23 51 66 77
84 96
76
57
22 25 51 87
14
25 50 75 95
23 53 83
13 83
3 56
16 19 95
15 66 99
25 32 34 88
28 86
3 10 25 47 93
76
3 57 99
8 15 20 31 87
13 27 45 52 71
49 50 68 75
9 30 54
38 40 70
30
28 48 68 99
56 80 100
35
75 91
66
11 15 16
53
81
50 63
14 37 38 75 98
14 25 75
21 28 74
71 91
4 27 43 52
94
3
20 22 34 53
15 22 26 42 100
51
6 63 68 89
40
33
1 8 86
9 18 27
29 30
1 95
37
35
49 54 86 93
27 35
13 26 36 38 52
31 52 100
43 54 65 85 100
13 86 90
84
35 78 97
34 84 95
27 30 36 61 62
18 26 28 76 92
33 90
36
29 55 96
97
13 74 98
54 56 84 92 98
15
19 30 31 72
15 18 34
8 33 43 57 100
10 17 26 98 99
5 27 47 57
48 89
61 67 91 94
18 53 87
20 59 70
36
39 85
33 49 87 91
16 43 49 69 78
51 73 78
2 3 98
60
5
3 36 81 93
40
30 40 45 57
17
22 81
11 40 74
34 94
53
1 69
18 22 24
16 61
4
60 81
23
4 44
6 83
74
52 54 81
92
50 63 84 100
49
8 12 37
10 15 34 84
29 75
2 85
99
10 63 78 92
30
23 40 60 90 92
26
59 98
33 59 100
14 42 43
41 64
39 53 71
5 7 14 63
29 59 79 92 94
54 87
22 24 43 64 69
9 37
14 17 29 60 64
31 52 97
61
1 33 87
29 60 70
3 5 47 60
53 94
32
35 72 73 82 88
16 75 93
28
66 67 96
3 30
7 46 60
17 47 65 91 97
37 48 51 73
63
81
73
17 61
21
85
11 45 60 74
7 66 90
16 24 52 70 79
28 67
5 11 22 79 89
14
41 44 72 95
11 38 49 89
13 48 81 86
93
11 90 96
2 45 52 99
2 29 66 89 97
17 18 19 73 99
6 44 58
15 64 92
23 75
25 59
86
66 94
34 43 79 87
9 46 71 90
35 66
18 19 69 75 84
42 64 73 81 99
4 73
11 18 37 52 100
68
11 14 28 74 75
55
9 16 41
20 55
71 81
9 38
40
9 71 73 99
7 70 90
23 30 39 90
17 50 90
11
74
5 7 47 56 66
43
75 96
1 9 38 70
24 79 94
15 46
28 90 97
27 69 71 83
26 37 63 76
30 34
7 14 35
28 68 72 91 94
9 59 62 79 83
12 35 44 57 83
46 54 58 93
4 15
9 29 71 82 89
38 59
9 14 71 77 85
34 35 71 93
4 29 53 66
17 21 46 74
9 15
32 57 88
60 65 89
3 8 18 64 67
64 97
62 63 64 85 95
8 27
37 78
32
13 26 60 65
36 51 81 95
21
61
24 42 49
21 26
54 68 81
23 25 30 34
38 44
2
22 52
7 48 57 74 75
6 73
5 23
24 43 55 61 75
67 68 90
47 67 85
38 51 62 79
35 43 47 81
29
34 39 64
11 14 45 62 80
43 58 86
1 29 42 62 93
27
13 22
7 50 64 79
14 59
3 18 28 51 69
8 14 61 62
49 64 70 100
3 45 59 74
3 89
39 42 67 82
58 64 81
20 50 54 82
1 6 31 50
12 60 63 95
7 68 85
64 67 78 83 84
18 33 43 80
31
25 34
5 15 63 83 91
4 21 33 72 98
1 52
41 51 74 76 80
36 43 98
37
36 46
11 94
66
70 98
39 44 48 62 74
9 13 75
23
3 49 80
39 43 85
43 52 67 69
10 51 59 86
18 39 65 79
14 73 77
17 70 85
8 38 46 55 86
9
17 73 77 85 89
29 37 48 75 76
3 10 70
38 44 57 89
79
60 84
12 49 66 97
33
17 28 58 82
92
48
3 7 13 36 75
6 54 60 83
8 59
33 37
4 29 49 69
78
18 42 43 85 86
1 10 16 93
29 34
14 51 69 79 80
7 9 61 75 77
42 44 77 84
17 32 46 98
1 11 13 31
11 19 32 67 94
31
29 87
32 45 97
3 13 60 93 95
6 56 59 77 80
93
33 35 44
78
44 90
3
24 79 92
32 91
79
28 34 93
1
24
5 33 62
41
4 28 32 40 43
93
22
6 55 66
6 22 66 77 97
13 36 83
51 80 87 94 97
31 50 92 96
12
1 28 32 43 87
28 41 58 61 71
19
45 96
69 70 81
13 44 56
14 33
26 45 93
2 33 79
7 85
33 53 63 97
3 79
32 56
3 40 100
30 45
41
57 79
10 40 81 98
10
64 86
52
5 63 77
6 38 42 57 100
4
6 50 66 98
47 74 85 92
34 64 75 85
1 6 10 35
30 37 38 53 79
47 89 97
63 65
53 84 85 86
20 25 40
84 91
7 32 71
10 11 19 77 90
68 99
1 18 33 85 92
1 87
32 45 93
67
18 44 52 70
86 91
23 61 74
35 88 90
47 64
50 72 77 84 95
19 33 86
39 47 53 91
2 41 66 67 93
30 96
32
10
18 67 76 88 98
43 53
12 99
68
80
24
7 80 87
45 49 80
36
22
41 61 71 83 89
16 51 77
47 56 80
4 39 49
13 64 69
25 35 78
20 52 75
37 97 99
9 15 52 65 87
45
13 37 46 59 71
45 66 74 82
59
3
19
49 82
79
5 70
80
84
29
16 83 90
11 43 76
49 59
32 52 60
91
64 72 76 98
29 38 52 79 82
64
10 11 95
10 18 38
1 51 65 74 77
53
10 22 24 40 78
46 72
26 86 90
2 34 38 86
81
1 4 95
69 84
45 53 62 82
10 12 35
1 15
12 22 27 59 78
2 24 51 70 90
18 20 25 29 58
26
52 67
96
47 56 82
27 34 56 63 82
42 44 89
18 71 72 78 89
6 28 33 46 98
41
28 33 51 75 82
51 71
28
1 19 38 65 88
8 9 30 39 78
35 69 81 96
4 67
20 24 36 51 94
4 27 77
29 32 76
25 99
18 45 69 82 92
19 50 58
3 20 94
17 21 39 92
49 57 60 70 91
13 58 86
7 56 81
1 10 20 28 70
6 12 38 47 65
4 7 9 79
7 27 49 93 100
1 16 56 86
79
42 59 72 82
26 36 75
9 23 45 93
10 83
17 23 28 48 92
60 73 84 87
84
17 18 38 63 66
17 56
45
44 61 73
39 51 88 92
8 33 37 85 92
1 45 98
25 32
31 45 49 94
1
96 98
19 62 87 90 95
1 2 20 94
17 52 53 81
41 43 53 54 68
99
32 40 49 99
80
27 77 84
2 15 20 36 46
63 90
7 23 28 54 56
5 63 67
38
18 42 91 92
14 68 88 99
10 21 28
18 60 68 89 90
21 61 89
20 53 78 81 82
1 52 73 94
62 65
24 41 48 94
4 54
2 26 57 78 81
78
30 32 56 86
79 89
37 98
10 65 70 72
1 8
12 40 47
2 19 37 60 94
12 46 58 59 97
4 16 34 38
63 95
54
63 69 90
12 32 34 54 77
2 21 61 81 91
14 26 35 59
18 34 89 90
82 99
65 86
30 81
12 53 72 90
8 15 27 41 76
3 11 41 80
11 55 76 79 82
44
4 7 15 17 80
1
3 6 90
38 55
7
15 57 69 72
8 67 68 95 96
10 26 37 86 94
6
62 73
12 64
51 59
60
21 53 62 84
33 57 100
35 47 64
36 69
9 16 34
26 64 69
17 29 78
50
11 53 61 85
72
53
33 41 69 78
62 83 85 99
1 27 45 52 89
81
5 11 38
20 33 51 57 84
27 58 61
4 64
15
22 25 45 86 90
94
70
63 69 92 98
73 78
45 47 94 96
13 15 16 37
17 35 38 71 95
5 30 36
46
84
2 78
3 11 48 94
12 17 34 43 61
4 52 71 93 99
7 37 50
46
29
32 34
34 96
24 39
30 52
90
37
16
61 63 78
38 58 62 92
17
32 46 50
5
29 96
75 89
37 79
1 4 16 23 43
20 23 55 74 87
28
79
61
33 72 84
6 12 35 51
6 13 20 92 97
28
29 34 35 96
28 55
2 5 9 65 79
7 23 85 95 97
3 11 21 33
22
10 14
43 47 58 61 89
45
91 96
14 41 56 97
4 12 41 45 98
88
37
19 62 82
2
26 30
45 46 58
21 25 87
22 62
63
44 49 56 96
6
32 97
18 35 60 82
9 24 27 34 55
10 52 53 61 87
22 45 66 75
12 18 37 73
3 30 54
21 42 50
28 67 70 88
23 33 95 97
26
6 41 91
8 25 55
16 17 52 77 78
4 57 83
68 76 77 93
21 37 53 58
4 9 16 38
1 28 69
11 57 98
32 67 80
4 51 54 92
49 76 96
2
54
72 74 86 90 93
17 29 35
37 70 84 97
62
48 55 62
46
13 20 41 93
23 27 33 99
54 65 74 85
6 100
20 89
29 93
56
27 93 96 100
15 20 34 47 56
28 58 87 99
14 15 68 87
10 74 89 100
9 60
98 100
3 54 56 97
24 52 97
80
15
54 64 67 82
36 48 64
33 58 64 78 93
16 93
98
46 56 89
61
3 61 62 93 98
19 44 91 92 93
3 43 83
16 55 56 76
76
61
29 58
17 41 52 61 89
16 70 82
10 15
41 62
22 61 63 97 100
7 20
19 45 59 76
97 98 100
37 41 54 68 93
11 38 48 71 99
37 73
6 89
32 50 65 99
66 87 91
15 74 85 93
23 30 56 75 85
7 55 99
20 66
34 78 86 90 98
1 21 40 67 84
50 51
9
4 36 55
4 39 48 54 57
15 44 65
29 50 88
13
61
25 41 78
27 91
13 23
2
23
30 46
65
7
42 46 71 93
19 38 61
5 61
54 61 66 82
4 55 73
9 50 58
2 12 23 77
36 44 50 67 91
10 14 19 61 91
28 37 45 54
34 72 78 79
60
2 45 68
15 47
26 52 57 77 100
15 29 84
82
8 23 49 95
86
20 35 72
6 41
53
62 82
55
10 24 74 79
11 51 55 60 67
35
80 92
9 47 59
26 33 76 85
33 47 51 73 93
74
2 3 12 71 99
27 39 46 52 95
26 36 62 91 100
20 59 72
21 56 79
20 52 88 91 100
2 61 100
18 59 62
60
3 6 45 85 94
50 65 84 93
25 67 71 81
51
26 39 51 97
40 58
21 47 87
27
22 79
50 57 59 76 77
2 4 17 89 95
85
50 69 76
84 95
4 59 65 81
21
54 94
8 14 56 70
12 47 80
10
2 48 64
72 80 94
16 69
88
3 14 44 45 78
15 38
7 15 53 100
2 16 39 55
47 96
34 98
3 61
24 53
14 26 73 83
16
86
40 85
11 12 18 86 92
53
13 43 44 53 100
43
12 24
19 42 52 58 61
37 59 91 97
25 29 33 69
39 53 57 66 91
15 41 81
8 13 31 47
21 48
95
32 33 45 48
14 37
23
7 27 72
5 52 66 82 100
9 10 15 21 34
23 38 47 84 92
12 48 55 77 80
97
53 77 82
24 59 76 93
2 11 91
14 53
4 12 42
97
2 13 48 87
67 76
41
18 87
2 33 49 52 78
15 34 41 78
51 68 90 92
45 92
2
8 21 37
27 37 98
1 34 62 95
12
34
64
7 21 50 66 84
6 86 92 95
64
1 58 61
34 66
9 21 63
40 46 99
22 61 66
51 61 70 72
22 69
11 44 97
10 16 40 91 95
67 89
11 27 42 84
2 15 48
18 54 85 96 97
87 96
18 40 68 99
12 13 47 84
6 30 49 65 99
32 33 74
9 18 38 53
61 64 65 95
54 79 97
48 53 77 79 95
56 79 84
76 90
15 35 87
80
26 58 63 79
29
60 76 95
44 77
3 8 13 80 85
5 16 33 59
21 37 62
20 42 93 97
31
72
46
65 100
2 20 52
33 34 84
19 51 80 95
51
62 87
20 46 52 92
13 55 66
1 46 64 70
57 73 96
15 24 30 44 90
14 49 74
66
18 94
42 44 71 96 100
41 71 77 96
18 66 71 92
14 22 24 65
62 64
80 95
42 62
17
6 43 72 76 95
17 42
18 37
11 51 57
18 50 85 87 98
34 38 60
8 17 56 82
10 37 47 48 72
10 90
55 64 100
4 56 63 80 93
73 74 96
93
23 85
7 56 69
76 78
28 29 66 85
2 46
2 39 69
7 26 66 96
6 51 86
44
26 63
47 83
40 51 80 95
32 41 77 87 92
11 41 60 65 74
9 10 22
10 18 33 52 53
9 12 65
40 66
96
12 44 51 59
81 88 93 99
1 24 42 75 85
13 33
13 18
21
12 66
3 31 83
37
17 27 28 71
16 99
38 63
57
4 26 31 58 92
2 38 46 81 86
33 87
48 88
29 34 80
57
8 25 36
69 71 79 86 94
22 61
16
19 51 72 74 80
25 49
10 37 43
33 57
9 29 58 67 80
1 55 59 73 94
13 16 31 53 56
9 22 32 93
15 28 45 47
29 33 78 90
98
39 67 76 83
33 99
17 24 93
18 44 53 87 97
16 28 42 58 99
64 74
51
73
55
48 60
16 31 55 67 89
49 64
6 16
15 18 51
29 62
69 83
14 29 40 77 87
2 11 48 71 94
17 88
2 3 25
6 25 64 67 70
24 31 38 48 96
73
83
26
7 15 18 25 61
38 57 63 71 93
14 35
23 35 37 43 62
1 14 42 53
19 44 57
14 37 100
12 16 31 91 98
47 58 75 86
33
78
84
85
72
38 39 57 83 89
1 11 12 66
65
4
82
26 52 84
63 71 92
5
26 39 98
5 51 64 76 86
25 51 68
74 99
55
22 91
4 21 44 50 56
1 5 20 90
4 14 50 90
4 93
74
1
5 15 18 80
3 8 50 64
21 37 43 96
13 31 42 85
3 15 17 97
46
60 70 87
5 20 60 62 85
21 34 41
16 38 93
10 72 80 99
77
8 30 96 100
1 16 38 51
46 50 65
10
31
27 64 73
6 69
6 35 70 82 97
25
2 27 80 83
78 85
49
39 51 95
72 74 96
5 53 55 83
24 53 80 92
25
4 59 62 86 100
21 98
16 77
11 30 70 72 77
62 79
56 92
62
68 93
73
26 33 46
2 45 92 99
10 36 60
3 33 40 76 89
34 49 87 97
3 11 31 54 67
17 28 35 54 77
33
48 58 67 95
6 23 49 57 79
45 82 97 98
35 41 51 58 61
64
5 14 41 48
69
8 25 35 87
4 17 26 30 88
21 26 71 100
76 93
2 70
61 75 80
94
25 59
2 13
37 42 70
33 59 73
1 53
14 35 41 83
52 78 86 87
52
29
26
7 50
4 25 87
57
8 58 74
25 61 98
19 74
3 45 75
22 63 93
6 29 37 81
52 76 99 100
10 22 97
58 93
43 64
8 33 75 78 93
37 40 44 63 68
10 62 79 86
2
3 14
42 46 54 66
3 28 32 44 87
8 20 46
27 82
39
19 89 95
2 6
52
18 29 67 71
46
60
24 56
67
8 23 41 85 90
27 37 50 53
37 53 57
17 51 84
6 10 34 48 57
15 25
1 4 36
21 55 67 76
64
47 73 79
23 97
17 38 63 64
21 48 51 61 78
50
5 7 28 32 73
23 39 40 58
12 31 52 76 100
18 57
33 45
26 66 71 85
4 5 49 50 54
6 19 54
3 30 34 38 56
49 50
61 63 73
72 94
29 40 48 79
25 27 31
17 26 43 90
46 75
68 84 97
23 28 51 65
19 21 72 86
30 56 62 79 92
3 61 63 69 91
28 75
1 43 72 96
12
6 14 54 89
6 33 55 84 91
3 13 95
11 19 56 74
40
2 3 19 50 52
60 82 83
4 91
17
90
87 91 93 96
4 25 74 97
67
67
29
3 9 35 52
53 67 87
6 16 48 65 81
23 31 75
42
37 82
30 31 55 100
24 28 58 90
23 67 95 98
15 100
34 43 98 100
19
31 33 62 63 64
66 70 72
25 50
12 55 60 86 98
14 29 63 77 98
43 53 77
23 99
26 94
94
19 30 49
64
6 72 80
26
20 21
12 38 71 90
3 13 60
2 9 44 91
43 54
63
86 87
45 63
51 62 78 87
17 51 83
20 37 40 50 68
56 92
31 44 80 88
25 88
36 75 78
27 63 83 87
35 49 62 91
33 87 90 95
17 20 85 99
20 47 66 80
24 29 61
12 17 73
25 66
13 49 74
16 54 55 81 96
2 13 15 19 49
33 42
29 80
51 99
53 74 85
48 61 70 85
57 58 60 96 100
1 6 10 37 64
11 48 53 58 65
15 19 22 90
20 25 43 48 54
17 37
37 74 89 94
37 89 97
71
30 42
38 46 83 88 89
2 12 69
30 42 51 94
6 8 22 84 97
99
7 20
29 30 76
23 65 70 85 90
11 46 91
41 52 53
23 67 74 87 99
12 57 67 98
29 40 43 45 54
32
7 17 19
31 32 75
47
18
25 32 57 81
22 40
35 83
36 72 82
2 21 77 91 92
7 68 70 90 92
16 70
6 55 97
26 40
18 55 66 71
22 52 65 67
80
3 67
7 34 65 79
79
9
4 14 43 77 100
27 40 61 75 80
48 80
39 41 42
19 38 82 93
28 33 57 62 80
36 54 59 66
98
37 82
17 24 48 90 93
35 44 51
6 8 9 12 32
7 59
69
2 57
5 12 18 54 58
41
2 15 44 56 74
2 7 21 49 89
49 56 94
33 35 79 91
25 41 79 86
14
94
1 62 74 86
21 24 34 92 94
22 37 66
53 88
37 58 100
8 48 86 95 98
30 46 52 93
3 66 74
15 49 50
55 56 79 80
66
16 24 29 59 62
62 86
30
70 84 98
65 87
66 76 93
86
69 78
28 30
94
6 18 21 30
1 43
2 93
21
25 34 64
6 92
25 28 42 46
2 26 43 49 66
11 14 46 84 97
52 76
96
16 48 100
57
22 46 52 88
6 31 33 38
8 92 93
34 55 61
15 25 38 44 100
15 34 47 51 93
18 36 48 86 91
41 54
13 32 42 58
49 59 88
28 40
20 54 84
16 35 38 43 45
30 43 49 72 98
81 82 88 95
87
1
76
26 44 80 83 93
8 38 53 65
31 51 60 96
36 50
41
28 38 82
36 99
10 48 49 56 64
7 38 44 74
26 46 96
23 25 39 77
15 28 38
12 74 94
84
45 65 77 78 91
48 69
3 5 32 53 93
40 62
2 23 53
22 79 94
15 68 94
10 49 100
2 29
47
25 28 88
38
18 73
36 79 93 96 100
3 30 34 36 100
11 13 39 95
23 29 39 41 50
50 66 84 92
45 89
18 85 96
29
6 10 34
55
12 28 52 54 58
31 59 70
17 29 34 76 77
20 60 77
26 37 57 64
19 27 75 83
28 60 62
31 57 75 87
68
1 20 29 44 70
13 41 81
4 9 15 32
32
66 90
51 65 93
14 76 86 91
16 36 71 92
32 33 35 70 73
10 29 51 92 97
33 51 72 87 89
8 18 30 78
13 20 43 51
13 15 47 74 99
17 82
24 25 84 85 95
4 15 23 71
48 68
27
3 12 30 31 64
20 86 88 89 95
19
16 42 100
9 14 47 54 82
24 91
28 72
2 23
57
73
66
1
13 19 22 41 48
54
50
31 79
10 69 78 100
9 41 42 47 75
14 91 95
73
20 34 49
7 15 30 34
21 43 56 62 93
46 48 86 89
17 38 92
19
2 28 39 83 92
16 67 91
6 71 72
9 29 94
47 54
1 16 82
16 49 62 87
34 73 92 99
17 24 35 43 62
91
18 66
83
5 17 29
5 11 35 40 92
2 54 69 95
13 36 46 47 67
3 5 56 63
25 27
36
62 67
28 64
25 30
93
62 75
63
40 51 64 77
51 54 59 70
27 35 52
25 67 82 84 86
19 47 81 93 95
5 77
2 3 45 85 100
3 10 41 79 91
18 30 63 90
50 51
40 55 70
74
40 59
2 46 53
42 59 71 77 92
8 12 49
29 46 86
39
27 69
65
45 66 86 98
65 67 77 79
35 92
1 95 100
12 33
9 40 69
12 90
38 83 85
31
5 73 94
39 44 46
4 84
16 22 32
10 57 92
21 86
4 5 58 70
41
19 29 56 77 87
5 10 51
44 45 58 75
19
40 48
12 48 100
19 21 30 36 84
11 18 21 23 66
20 25 39 48 70
79
41
29 38 78
16 43 44 48
99
17 21 48 65 88
43 63
20 47 95 99
1 79
45 62 86 87
32 50 59 63 70
8 36
13 24 74 77 87
26 37 40 74 94
6 80 81 82
50 52 64 76 96
51 74 77 94
1 20 54 68
67 80 91
11 73 84
40 67
29 65
23 33 55
8 32
21 43 50 88 92
21
38 76
35 36 45 66 94
7
14 81 99
6 18 49 52 78
7 11 18 59 96
31
35 43 69 85
42 46 92
21 29 32 54 67
4
13 39
39 69 83
80 98
64 92
2 24 27 29 48
17 96
21 43
19 43 45
18 41 48
10 41 96
6 7 54 72
6 11 21 58 71
87 96
3 64 84
29 38 42 79 98
49 55 69 78 95
3 34 48 52
5 12
44 45 49 83 88
25 38 58 95
56 60
3 35 48
9 25 36 47 60
22 26 53 76 91
18
47 56 73
30 34 49
32
11 33 39 50 98
34 54 58 65
17 36 48 51 78
14
2 69 96
36 98
20
1 9 15 27 28
36 38 52 72
27 52 70 74
2 4 8 47 79
26 38
41 69 90
86
48 78 95
25 39
33 46 59 71
85 97
56 57
44 82
12 61 98
86 99
1 34 35 93
36 38 56 78
15
8 73 94 96
3 16 22 69
15 18 76 87
7 22 50 56
47
35 60
30 94
4 37 60
8 19 57 95
4 33 59
1 32 57 68 99
30
70 78
8 89
3 12 65
1 9 14 19 59
9
41 77
1 88
32
12 62
81
22 53 69
63 81 98
28 35 42
22 31 65 83
37 61 87 88
14 22 42 81
60 93
46
64 83 87
74 83 95 97
31 63
26 35 58 74
3 17
70 75 78 94
71 87
51 54 84
4 12 17 98 99
55 83
8 66
7 38 51 70
68
40 66 100
8 38 62 81
1 15 29 46 88
35
10 30 50 51
31 82
1 81
24 41 78
31 88
4 39 46 68
18
2 11
26 37 70
30 53
33 35
5
33 55 60 74 83
12 32 90
10
11 20 48
84 88 89
41 97
4 26 59
21 31 57 83 98
33
22 60 88 98
35 46 75 80 100
65 78
22 34 44 59 92
41 48 90
22 23 31 58 99
68
16 20 32 33 96
38 95
30 44 95
11 88 92
60 74
8 38 48
70 82 86
27
6 71
16
2 6 51 69 74
28 36 42 59 89
7 42 43 57 89
13 32 78 98
40 47 70 71
23 35 77 79
29 60 75 88 95
57 68 71 84
10 54 72 91 97
4 10 15 57
8 11 15 87
41 82
57 77
39 50
68 80 82 96
3 75 90
24 41 86 88
27 33 50 98
65
24 32 40
22 69 73 89 100
11 77
64 91
19 28 54 68 96
96
4 31 64 86 94
36 45
19 40
57
35
46 56 78
29 82
14 57 80
12 52 61 87
10 29 47 53 97
5 12 85
16 29 34 41 62
48 82
9 21 28 30 33
37 94
9 31 44 54 88
25 53
7 8 21 47 74
92
28 65 84 91
38 58 62
23 47 77
31 44 60 71
56 86 90
20 34
11 43 72 76 98
5 58 63 66 76
4 56
39 57 59
64
5 20 30 92 97
5 29 57 59 77
95
84
63 75
22 28 34 37 99
9 53 67 82 95
15 83
8 45 82 83
43
56
49
68 69
39
22 51
1 84 90
15
31 60
36 42 56 86
1 71 77 85
3 61 77 78
44 61 66 93
8
30
56
24 50 66 71
52 80 94
12 75
11 43
52 72 77 79 94
77
10 49
64 76 99
49 58
22 65 81
35 53 82
41 43 84 89
31
49
9 45 61
1 8 66
7 8 90 99
2 84
4 21 26 44 81
1 13 33 48 82
16 38 53 91 99
16 93 99
4 17 38 50 68
31
5 53 64
8 30 43 62 99
32 78
18 77 99
19 43 61
13
31 93
91
29 63 91
5
9 41 55 77
29 73 80 81
31 33
1 7
81
1 13 93
24 58 76 80 99
32 46 55 86 93
4 60
41 57 70
26 49 74 91
6 35 38 57 71
4 73
21 96 100
8 32 96
12 21 66 86
12 64
9 52 71
6 19 37
34
11 39 43 85
20 36 47 51 65
71
73 86
2 12 54 93
85
57 92
9 23 26 33 52
22 34
45 65
20
65 89 98 100
32 50 81 89
46 58 72 75 85
57 68
21 79 99
17 34 79
13 55 56 91 94
5 12
16 35 63
10 22 78 84
94
15 33
20 37 97
23 24 66
23 42 76 86
20 32 77 78
57
13 19 54
4 32 88
61
14 18 79
15 20 72 83 91
25 31 65 72 92
27 87
81
55 95
14 16 27 67
22 31 91
7 44 98
19 28 51 52 80
28 36 84
6 18 54 57
52 60 71 99
56 69
6 84 88 98
11 24 26 98
8 20 56 58 97
16 42
18 30 46 68 80
33
61
2
54
39 59 73 100
18 41 45 81 87
3 11 17 31 86
2 27 65 89
9 24 43 84 85
11 36
8 52 61 93
95
22 23 26 37 61
3 16 69 85 89
20 32 55 70 94
73 100
22 61 72 95 97
20 25 28 34 48
57 64 65
2 22 52 59 65
27 64
68 71 88 89
3 6 23 53 74
53
42
85
83
59 68 83 88 92
68 69 97
31 57
8 22 64 83 97
9 22 30 55 60
4 20 25 41 75
13 45 48 66 71
14 17 41 67 81
9 14
44 54 79
6 25
17 37 44 55
41
3
85
15 43 50 96
4 29 94
51 72 78 88
1 17
30 39 87
41 81
37 48 55 64 77
18 80 91
39 74 95
33 48 54 79 80
70 74 92 93
11 69
15 50
18 57 79
49 63 89
89
2 50 68 81
26 97
17 47 65 66 98
50
1 23 29 38 97
38 61 79 82
15 18 26 89 99
36 68 82 89
89
48 61 81
28 39 55 63
9 42 57 88
27 56 61 87 93
48 51 90
4 31 77 85 88
37 48 52 74 81
5 82
49 63 78 86 93
59 77
45 96
25 45
23 66
16
9 42 55 64
14 17 20 40 55
61 83
84
35 91
16 28 33
6 20 58 81 82
42 73 74 100
28 48 51
30 88
28 97
39 72 83 93
3 21 40 69
72 79 88
16 32 46
36 58 74 86
18 36
37 75
3 17 20 64 76
76
39
94
10 33 58 78
13 69 84
14 37 61 66 98
3 10 22 23 57
31 58 69 75
60 77
34 45 87
21 40
23 83
9 27 41 80 81
4 22 69 100
1 40 41 51 70
87
10 43 71 86 100
36 57 69
33 42 47
14 20 61
7 73 85
98
3 28 40 45 67
63 75
13 20 40 53 98
19 21 26 95
22 25 68 75 93
17 41 45
25 55 59 73
29 41
38 86 90
12 34 70 93
1 15 20 67 83
17 31 39 55
1 32 70 73
28 35 72 87 99
16 70 82 92
2 16 39 81
1 67 78 79
92 100
65 99
17 31 52 77 100
33 71 73 84 98
56 79 87
13 38 69 81
38 52
27 41 63 92
13 65 69 72 73
46 55 56 72
11 46 50 86 98
24 41 42 72 91
14 91 95
45
45
29
20 41
36 48 51
37 43 55 69 100
20 41 86
10
4 22 84 85
36 42 60
10 32 66
10 84
99
59
40 41 81
10 40 84 90 97
4 36 37 54 60
64
81
25 43 61 68
21 55 83 88 93
17 28 93
7 18 39 55 76
44 46 62 89
5 8 83 86
34 60 65
10 34
7 35 42 54 66
11 14 62
57
8 30 46
24 29 46 53
49
75
54 67 77 88
24 70 84 97
61
4 49 67
44
13 38 44 72 84
13 40 54 72
19 33 41
42 44 66 75
37 50 58
71
6 15 54 83
79
23 31 47 69
5 15 36
56 61 64 98
15 52 84 91 96
54
32 62 70
22 29 30 50
30 45 63 80 93
8 15 29 47 57
58 63 73 80 93
19 44 45 64 65
54 64 73
62 73
2 88
64 68 89 93
28 36 62 93
16 79 89
95
20 44 49 83
33 68 83
4 16 25 78
39 78
41 95 96
12 16 28
85
98
16 77 92
5 30 94 100
39 40 70 74
16 34 64
34 71 94 98
30 59 69
4 16 82
34 82 83
60 75 82 83 97
30 62 69
58 88 96
35 38 49 84 99
45 48
25
15
13 31 85
34 47 92
47
6 18 20 93 96
4 65
20 49 57
41 42 62 76 82
18
59
19 44 80
41 50 58
27 77
60 64 98 100
55 63 79 92
19 71
37 53 75
28 29 59 68
47 94
25 64 92
59 73 77
57 80
41 48 100
14 58 65
17 35 66 85 92
28 50 65
6 25 95 98
45 50 85 94
34 38 92
68 91
9 86
31 43 62 64
18 23 37 65 78
19 53
42
3 18 57
3 68
50 77
1
25 56 85
6 13 41 59 62
48
26 63 69 82 88
19 39 42 62
23 39 70
12 46
53 61
31 44 67
7
34 44 45 74
76 81
13 33 50 56 79
25 29 85
5 34 72 84 100
20 52 96
5 29 75 91
17 25
18 35 78
15 53 56 83
9 25 66 67
20 58 77
12 52 67
48 83 92
5
17 55 60
41 99
7 72 76
90
12 26 70
6 58 86 99
34 94
18 65
9 70 85
14 80
15
6 14 97
12 63 76 85
34 98
13
19 72
58
26 41 97
77 81 94 98
6 57 89
19 20 68
1 11 58 81
30 41 45 74
56 72
6 28 35 76 90
18 37 51 52 81
11 53 58 80 94
41 79 81 100
22 35 68
37 74
11 13 57
19 29 38 71
3 27 61 81 89
13 15 23 73
21 60 86
10 63
4 44
21 55
38 48 49
12 51
12 76 99
14 79
4 37 50 62 80
6 18 58
9 12 62 77
21 57 72 86
30 42 50
10 63 67 82 88
63 88
18 29 85 99
100
41 74 76
48
25 49
21
76 79
15 30 32
59 79 99
54 66 76
41 47 50 86
5 90
2 36 37 49 63
58 75 79 93
58 69
13 15 39
6 78
27 41 83
3
91
32 42 60 69 80
28 37
91
50 88
65 97
48 69 71
14 30 41 57 97
3 25 45
75 81 93
8 12 73 75 98
10
24 72
8 9 49 81 99
5
49 67
12 36 64 74 84
14 36 41 57 98
18 54 93
17 47 52 77 95
7 13 49 76
33 62 63
25 44 69
19 83
39 47 66
16 26 35 41 76
9 28
19 23 48 61 99
17 18 20 23
16 33 50 69
79
36 50 62 77
27 78
71 99
27 31
3 19 28 75
11 13 53
11 47 50 54 96
2 41 99 100
6 10 33 59
53 65 69 86
3 6
2 22 28 62
33 50 79
55 62 95
7
66
25 55 59 60 84
15 40 59 61
29 33 35
10 16 22 39 67
18 24 59
76 99
33
65 98
8 13 17 66 76
12 45 65
99
51
44 60 84
52
3
19 62 68 89 95
33 54
45
77
47 56
75
24 73 91 97
18 20 71 79 94
31 68 74 79 92
79
21 32 48 80 100
4
33 43 72 100
26 83 96
14 67 95 100
24
11 43 54 70
25 36 48 68
14 38 79
4 10 33 60
10 42
76
5
12 39
25 55 67
3 28 40 41 80
19 31 50 86 91
14 37 95
36 71 100
32 73 77
10 73 85
4 24 72 90 98
9 89
12 57 90
71
1 17 72 91 95
13 23 37 39 71
37 98
13
8 41 45 78 95
11 13 20 45 73
31 81
52
11 80
1 25 62 84 100
83
54 64
21 87
20
6 38 54 71 73
89
79 82 93
9 24 28 78 84
20 33 80 93
20 42 52 76
16 33 80 100
3
3 21 67
9 40 67
1 28 76
46 48 62
8 11 16 40 70
12 45
6 41 50
48 88
4 7 19 93
20 31 96 98
16 43 52 67
41
13 66
18 76 95
9 86 87 93
30 37
13 28 61 89 97
5 17 52 88
37 48
3 14 32 34 51
1 26 97
38 57 91
85 92
56 57
2
15 18 37 86
22 69
56 69
11 22 23 86 97
70 78
45 54 76 90 92
27 45 92 100
31 38 45 47 63
20 39 89
12
13 18 90
52
50
6 19 24 53
74
31
4 12 47 91
50 59 92 95
4 22 86 90
1 11 35 54 81
49 56 76
32 40 98
49 80
54 77 85
63 80
22 60 61
1 5 62 96
57 88
6 30 75
63 84 93 99
29 65
13 14 81
22 59 95
67 71 76 91
4 6 25 44 72
37 54
19 39 46
86
22 37 53
72
7 35 50 54
22 33 69
31 53 63 72 99
11 19 31 56
2 14 53 58 88
3 10 86
4 67 82 84
31 67
5 28 83
9 10 30 64 89
31 52 55 57
4 9 23 88 90
1 4 20 65 90
58 79 81 92
32 46 98
75 83
34 57 60
25 49
73
12 20 26 37 74
2 67 68 69
14 15 94
36 65 85
7 12 23 66 79
9 49
32 52 100
17 35 50 56
43 89
13 40
1 16 47 53 59
6 11 43
42 53
3 74 82
35 40
33 59 69 84 89
22
19 27 37 43 92
37 58
15
63 66 72 80
26
10 26 77
7 24 61 82 87
9 10 80 84
49 71 95
23 53 59 91
44
8 51
24 47 59 65 70
12 34 96
54 78 80 95
32 42 43
55 66 71 81
16 44 58 82 94
34 43 52 65 82
7 20 95
32
24 81 100
51
46 70 98
12 40 42 83 96
42 56 76 87 94
75
80 84
2 90
17 79 94
2 23 50 58 75
79
48 54 60
71
59 81
23 45 52
12 36 51
36 63
5 25 44 81 83
24 45 85
7 8 15 34 69
18 59 66
9 25 72 83
1 11 42 54 67
3 16 17 76
29 46 75 90
4 20 36 61 74
20 30 70 83
9
9 28 33 55 78
17 64
72
42 46
89
10 32 77 83 89
18 45 46 93
16 23 74 75
30 44 77 100
61 72
6 8 19
15 36 59 82 85
53
21 57 62 66
26 88
76
3 48 54 56 71
6
21 71 73
5 19 26 52 90
43
45
10 29 35 96
8 46 51 65
68 96
65 73
7 61 88
31 35
11 55 81
20 21 44 58 77
12 51 74 75 79
4 20
19 33 73
27
1 25 52 55 99
34 37 60 62
3 11 14 18 87
39 50 83 85
15
22 50 56
23 41 59 86
100
67
17 19 26 38
64 75
16
3 27 60 80
78
96
27 78 96 99
33
37 40 62 85 87
16 57 62 78 88
5 57 90
89
12 40 53 83 89
33 57 80
11 21 31 59 99
9 57 70
84
6 15 16
37
2 15
14 21
3 31 53 83
41 44 83
8 24 55 88 97
23 31
37 59 80 85
55
42 67 96 100
1 40 53 62
31 60
8 15 25 31
78
14 77 79 90
30 100
5 15 58 67 87
27 32 38 92
68 82 84 87
19 73 76
12 39 51 65 79
10 29 42 83
16
28 29 49 78
78 96
51 68 76
89
4 23 63 76
8 46 67 72 75
14 56 65 78
14 18 22 27 86
3 6 11
50
66 67 92
36 39 60 75 89
47
65 88 93 100
5 37 42 75 87
8 10 42 47
20 21 26
31 36 57 58 91
77
3 88
15 38 45
82
38 47 58
10 15 21 54 74
25 38 42 59 76
16 26 30 49 56
2 64 72 74 79
15 28
15 41 72
49
48 73 84 89
18 37 47 48 98
4 52 55 80
34 38 54
86 89
35 58
27 64
83
35 60 70 94
15 27 53 73 87
36 42 45 69 96
13 67 71
29 37
17 22 77 82
1 36 50 78 100
77
72 97
6 33 46 97
35 69
23 42 58
2 40 94
4 43 64
57 73 96
10 34
6 11 71 90
12 15 39 93
48 66
4 20 38 72
21
24 61
38
25
1 24 80 89 94
19 23 29
21 45 79 84
45
24 31 71
3 14 63 79 81
25 34 54 55
58
3 12 17 57
6 17 29
26 42 94
32 54 62 75
1 12 24 42 47
10 11 22 76
29 34 37
71 96
1
14 40 67
23 46 80 90
96
6 74
54 78 88
12 17 57 65 68
3 21
34 50 98
87
16 28 48 59 83
60
34
20 49 61
17 28 53 94
36 74 99
76
21 96
35
15 76 83
5 25 30
41
20 35 73 83 98
53 73
3 21 25 35
7 76
24
25 100
2 60 61 82
18
2 20 48 74 96
31 37 78
34
25
39
6 18 25 81 93
41 73 84 86 87
7 20 33 50 93
48 56
6 54
9 47
25
5 26 31
89
50 51 82 95
7 14 90
37 39 59 71 96
6 61 78
31 38 54 73 93
10 69 71 94 100
1 5 40 55 75
24 57 78 94
8 84 88 95 98
2
14 16 40 61 90
8 35 43
18 50 84
16 30 45 92 94
2 10 31
17 50
40 85
16 52 54 58
12 14 17 20 69
5 43 76 82
91
25 42 70 77 99
33 42 71 96
3 8 26 51 99
17 24 69
88
12
6 14 54 72 92
52 60
22 64 66 83 90
29 32 34 37
4 26 100
3 29 79
21 76
4 7 87
8 72
31 35 37 38 58
22 84 93
18 56 100
22 35 62 82 91
92 94 97
67
51 58 60
14 15 54 90
56 60 90
11 29 55 62
26 69
34 62 74 78
44
26 36 44 66
27 88
46
33 53 65 83
73 80 87 100
98
8 31 36
3 34 42 69
13 18 59 60 71
26
8
41 54 65 69 81
3 29 40 65 96
12 46 78 90
22
52
99
13
6 35
12 62
36 78
12 27 66 69 82
2 20 33 56 87
6 10 22 37
4 48 79
52 64
5 6 37 85
46 62
24 34 41 51
35 98
74
80
32
15
82
15 19 57 95
38 51 62
20
33 46 59 88
7 38 40 92 95
8 25 41
42 57
44 53 66 89
6 21 79 88
2 13 47 50
95
99
10 23 87
26 42 50 93
2 15 73
4
15 26 30 79 80
1 32 38 99
23 33 65
28 29 65 97
91
49
32 94 99
20 61 66
53
1 7 46 54 91
51 99
6 9 54 56 73
14 15 48 95
32 65
3 29 78 92
39 52 57 68
7 51 71 75 84
48 66 79
5 41 52 64 79
22 88
2 74 78
7 13 55
40 100
17 30 31 37 75
20 24 66 71
1 63 64
25 87 91
47 50 71 79 97
32 69 81 97
32 38 57 74 76
21 47 60
72
61
9 10
50
17 38
50 58 88
60 62 64 74
31 36 43 66
33 92 99
14 50 55 87
9 19 21 51
3 7 11 15
14 56 66 70
21
16 43 74 86 93
50 68 100
22 30 85
17 22 32 33 79
24 28 75 78
62 92
3 41 42 45 55
83
29 33 79 90
31 45
41
25 43 82 89 96
4 29 53 85
9 36 58
1 15 54 75
96
42 50
24 51 53
3 24
7 48 74
30 44 69 73
45 48 100
38 39 75
92 96
17 33 35
35
3 94
52 91 94
26 31 34 84
9 40
1 19 24 28
77 79 87
22 52 54 67 79
35 57
88
4 41 70 87
88
14 20 68 89 94
1 7 42 56
49 53 81
25 39 93
51 68
63 77
13 33 34 75 90
4 7 98
52
2 35
76
2 47 50 60 97
18 40 61 64 91
74
20 30 43 87
1 5 23 72
11 13 38 39 99
84
12 19 24 25 69
14 56 61
30
79
40 42 62 71 85
56
41 75
13 41 45 100
8 23 93
6
12 27 29 57 86
46 56 58
15 34 47 69 80
10 17 67
23 85
15 33 88 94
23 30 40
67 70
94
35 49 69 73
1 22 44 99
27
6 17 43 67
24 86
26 56 68 87
23 43 84
4 52 82 83
90
1 19 48 50
83
48
19 78 88
30 41 75
7 35 89
76
64
10 73 84
3 12 41 80 91
17 97
14 63
84 98
37 48 82
17 25 90
8 41 76
14 27 65 67
13 40 69
10 24
21 31 52 74 97
11
28
32
8 12 33 62 93
79
38 88
70 75 90 97
31 49
12 29 62 75 95
11 49 56 81
60
74
21 34 43 77 86
56 59
21 36 48
8 46
86
81
18 27 48 62
48
29 33 68 72 100
4 5 71
43 45 92
51 93
1 57
12 34
14 19 22 32 50
13 59 77 98
18 35 81 98
13 20 24
3 28 80 91
71 87
9 21 29 55 94
84
42 48 57 92
8 26 65
8 46 65 78 95
60 81 98
17
77 78 82 98
34 71
3 23 40 74
44 57
9 84
9 15 51 93
38 39 43 87
71
36 52
69 75
36
3
25 27 87 90
43
25
7 25 58 62 68
11 34 36 53 57
22 89
74
6 47 51 91
19 76
26 33 46 53 76
20 66 76
24 33 51 68
72 88
5 70 72 79
18 23 30 35 70
52 89
19 35 52 60 68
98 100
10 63 72 99
27 32 49 73
7 49 79 94
47 67 92
18 33 46 61
87 98
7 8
37
35 77 90 96
8 27 81
66 67 72
30 33 44 75 94
55
72
41
24 38 81
2 29 95
74
23 31 55 63
100
26 63 81
6 15 54 74
1 5 21 42 95
93
28
10 46 63 73 80
47 77 83
16 26 48 58 75
34 53 73
21 51
6 39 40 54 78
39 40 51 96
95
87
3 37 89
15 43 49 80
40 51 57 65 100
15 50 51 92
1 21 40
26 77 81
54
3 13 16 51 76
15 25 30 81
26 31 55 84 97
60 74
40 49 81 87 98
6
41 42 51 68 88
22 31 75 78 99
17 45 50
1 19 40 69
7 98
19 29 36 77 79
19 28 36 38
5 57
38 39 54
54 92
17
4 43
77 84
28 36 38 79
16 22 61 62
19 24 29 38
10 52
15 48 63 71 96
17 39
4 25 29 50
89
43 51 67 80 100
22 34 70 88
39 58 69 72
7
20 62
42 99
44
20
9 14
34 43 82
39
12 15 59 68 87
20 21 46 85 86
26
79 99
12 55 83 87
12 38
21 52 54
12
3 22 54 55 98
83 98 100
47 51
22 44 96
42 67 79 87
84
48 89
57
34 50
28
64 77 95 98
11 28 36
11 51 67
1 16 20 72
12 21 92 99
2 7 16 36 88
22 27 77 93
17 51
3 27 33
1 20 28 50 59
42
35 80 90
15 29 96
19 46 80 100
5 30 42 57 80
33 52 79 87
16 71
13 18 40 48 89
5 42 56 62 100
14 25 93
2 51 64 83
2 39 40 68
79 85 92
16 34 35 36 52
22 24 61 90
33 52 55 75
37 54 78 85 90
81
15 80
14 52 62 83
32
56 70 85
22 51 52 92
8 13 43 86
21 75 81
23 45 69 71 94
63 93
17
13 56 58 69
46 48 79 81 92
66
49 54
59 89
59 77
12 35 38 61
40 44 59 70
3 12 60 100
6 40 57 82
51 80
28
4 8 45
45 92
11 50 61 68 96
12 58
21 31 45 46 63
25 45 60 64 98
20 27 60
26
47 91
43 68
48 62 73 83 99
8 62 67 80 93
30 56 66
1 16 40 53
80 83 87
18
13 18 77
7
65
30 48 82 92
10
23 32 43
36
29 37 61
15 52
56 68
10 30 61 74 83
50 57 91
10 56 62 83
94
68
13 18 41 45 97
64 70 93
11 13 29 47 82
8 79 89
31
28 66
2 18 38 41 83
75 82
44 61
7 91
61 63 73
41 75
34
94
17 51 76
57
18 49 64 84 87
4 13 61 80
21 71 86 88
1 22 33
22 47 100
58 60 70 86 92
36 77
44 54 64 81
44 85
42 62 83 99
5 93
17
54 72 74 75 78
6 17 24 52 74
56 62 100
43
16 36 78
36 38 58 69 79
29 48 75 93
68
80 90
52
2 20 32 81
9 18
60
20 30 48
26 61
1 19 40
42 52 61 75 87
47 60 64 80 98
23 54 72 76
2 14 24 81 90
1 56 91
16 18 47
63 92
29 43 90
51 65
8 69 83 96
45 57 72 85 92
30 36
15 32 34 35 40
36 80 91
28
2 5 6 52 89
58
81
85
18 21 24 30
10 93
8 19 29 52
60
89
43 46 67
81
41 42 50 55
12 27 53 83
35 38 45 52 67
2 21 23 27
57 63 64
27 54 65 89
88
56 79 90 96
34 54 69 72 97
7 37 89
10 33 51 80
2 31 53 58
7 10 37 60 96
21 46 83
71
16 26 34 50
50 68 77 78 82
6 20 78 100
3 81 83
8 28 81
26 58
29 53 58 73 87
42 63 65 76
19 58 93
2 50 90 96
9 13 28 47 76
38
6 19 64 82 97
40 82 87
19 40
26 95
4 21 28
80
3 23 29 49
31 46 58 63 72
34 36 83
13 35 61
45 66 69 82
45 96
16 37 64
13 52 55 64 79
12 18 36 69
3 79
34 49 77
36
25
43
73
30 47 87
15 65
24 27 37 63 77
11 28 38 79 86
15 50 97 99
22 54 55 61
11 34 64 82
65 78
21 45 72
13 50
30 52 74 85 92
4 31 71 97
40 47
10 61 64 99
15 24 50 79 87
54
34
18
7
44 49 54
35 93
10 57 62
20 91
25 40 50 74
4 42 74 89
63
75 80
14 36 56 91
38 62 87 92
3 57 58 70
25 44 78
31 69
9 68 70
8 57 63 68 94
28 43 44
7 29 44 55 77
7 44
24 43 68 85 99
6 19
21 45 51 90
45 57 74 79
59
37 65
32 49 64 75
20 74
8 20 94 99
33 63 78 83 89
34 57 80 89
26 63
48 64 94
12 19 34 49 78
11 62 71 84 88
76 78 82
73 99
38 58 87
11 37 51 59
21 63 67 71
54 57
22 32 59 86 94
12 25 27 78
27 73 92 100
72 78 87
16 80
20 40 90
23
6 45 82
30 52 54 79
23 64 72
29 56 66 72
4 32 33 94 97
52
13 38 39 51 86
22 28 34 39
22 91
60 63
18 58 66
34 41 95
10 28 34 54 59
9 16 62 79
16
44
40 93
16
44 55 78 92 96
11 32 40
47 85
15
15 44 82
24
10 23 59 71
7 44 78 86 99
2 24 34 50
32 39
18 22 74
62 89
42 92
64
7 83
29 83
31 52 76
7 27 71 99
21 63 67
2 9 27 78
24
38 54
96
3 13 56 58 63
49 52 63 77
11 15 30 41 75
22 97
9 10 24 66 87
31 34 70
21 26 44 51
95
46
27
10 26 44 73 100
44
66 84
52
52 83
5 39 40 67 82
18 37 58 71
1 8 47 66 83
35 64
3 8 86 93
26 46 58 68
29 48 75 96
34 35 36
12 18
4 40 83
7 23 63 67
88 96
10 54 87
69
37 42 97
67 71 76 89
23 46 66 72 100
18 44 74 91
28 31 83 93
18 54 82 100
34 35 45 83
8 51 53
25 45 60 94
60 74 86 91
24 46 59 67
21 26 46
64
4 95
64
15 96
83
6 11 43 47
7 85 88 99
94
14 69 72 85
73 96 98
45
21 63 85 94
1 25 30 58 98
61
4 38 48 59 84
34
56 75
4 25 53 56 80
1 52 64 75 95
7 31 75
2 28 62 89
39 45 79 86
52 97
7 35 43 49 77
60 78 80 84 94
27 87 92
53
14 27 64
9 61
44 54 82 92
46
37 57 94
61
3 34
23
4 22 85
54 55 73 78
1 3 13 25 62
39 60 70 92
17 26 91
44 80
3 87
52 57 79
30 43 52 61
28 65 85
12 22 54
19
62
4 10 32 38
38 56 95 98
4 18 55
41 43 69
63 73
13 72 80 93
28 37 84 94
47 61 63 97
1 23 24 40 65
53 99
12 60
12 34 84
33 75
15
28
6 11 34 46 91
27 86
43 48 91
78 81
44 50
24 51 96
17 43 46 89
11 41
43 76
44
11 53 60 79
2 12 41 61 99
33 64
22 24 56 60 74
4 16
13 16 46 74
31
18 47
34 63
14 31 44
13 39 54 66 81
62 71 75
1 15 28
55
11 32 40 44 97
27 62 64 72 76
1 23 39 66 81
26 30 48 51 78
1 25 74 78 95
29 30 47 85 86
23 36 49
20 56 86 96
27 32 91
2 4 97
40 67 99
32
5 46 68
59 62
41 59
36 39 92
27 63
17 93
8 38 61 68 88
99
12 30 45
14 19 20 47 48
49 81
80
15 60 71 96
32 98
24 25 43 66
22 67 72 93
46 49
13 17 87
97
51 59 89 91 94
37 74 76 98
80 86
46 81 96
17 36 47 48
7
14 59
14 85 90
13 20 61 92 98
1 33 55 57 79
65 96
86
51 68
28 38
37 73 81 86 91
10 72 90 98
22 37 65 89
60
27 47 79 97
9 36 65 88 99
1 9 11 44
23 38 48 63 91
12 59 61
53 60 95
68
20 52 88 90
33 36 53 66 70
37 46 98
16 24 57
26 92
84
50 53 74 94
36 42 99
3 11 32 58 90
100
1 30 38 63
49 57 94
20 34 54 92
7 9 14 30 81
50
18
48 81
17 62 85 87 93
1 49 57 86
5 10 12 94
52
33 51 58 74
95
76
15 40 53 76 81
27 33 40 45 55
3 5 53 80 97
1 4 11 43 48
55
2 25 44 87
36 62 75 92
30
36 61 69
5 17 83
3 7 62 76 85
55 64 78
17 28 56 68 96
30
3
37 59 68 91
50 61 93
9 83
55
27 87
65
18 43 51 76
11 31
29 42 47
8 65 66 90
36
28 41 63 72
43 82
35 54
65
8 38 44 50 71
15 22 78
54
3 33 57 64 68
84
17 24 70 79
55 97
13 61 68
14 92
21 25 34 64 93
13 44 51 58
60 68 69 90
74
24 41 94
7 31 39
3 38 63 97 98
38 41 74 83
67 73
15 72 78
21 25 34 42
12
8 46 85 91
7 42 91
4 43 74 81
60 67 96 98
20
9 86
21 35 39 55 95
33 38 53 74
29 33 73
40
3 66 71 91
36 85
10 44 89 99
51 98
20 35 56 86
24 59
58
48 80
18 26 38 74
3 32 79 92
19 36 52 54 69
13 44 62 74
28
30 73 100
63 70 77 87
1 77 93
18 40 92
21 61 65
16 38 54 56 81
6 85
49 65 98
11 21 99
48 69 81
9 13 73 75 87
85
41 79 100
26
67
18 76 89
18 59 61 87
42 95 96
22 98
53 84
2 3 46 100
6 24 36 43 54
51 74 75
1 3 29
74 85 87 89
8 46 100
66 84 100
10 27 65
31 58 67
6 23 84 98
29 57
35 63 76 83 88
28
22 39 44 95
10 90
39 73 78 85
71 81
15 16 68
71
24 53 79 99
66
13 27 38 49
54 83
28 37 97
8 70 97
22 42
7 29
17 31 49 79 84
33 95
23 31 72
13 17 24 87 88
8 15 77
26 97
16 40 67
38 58
7 28 44 61 85
13 87
42 59
9
17 50 52
11 39
35 60
76
14 18
7 31 86
10 19 66 67
42
41 73 76 94
5 60 99
23 32
43 68 84 93 95
20 38 42 55
8 54
5 24
24 58 60
77
49
61 69 73 81
29 33 49 93 96
56 64 97
74
46
47 71 73 84 93
48
98
90
28 54 70 96
43 83
4 20 27
26 65 76 85 87
21 99
71
63 66
13
5 21 90
57 83
78
43 55 100
26
11 13 16 34
83 92
50 88
5 14 24 49 58
70
31 64
16 38
3 14
37 52 89 94
59 67 87 97
6 77
41 47 55 69 73
28 70 97
79 93
42
27 31 78 87 97
11 31 69
55
11 15 28 54 58
4 25 27
1 13 38 66 97
51 78 92 96
63 91
38 72 77 95 98
14 46 48 100
7 37 55 64
29 69 73 82 87
19 44 59 76
12 77
80
23 71
11 32 57 68 70
95 97
59 63 67 76
16 17 24 35 59
56 79
53 71
36 50
49 58 61 62 65
46 84
78
15 22 37 40 43
30
8 29 47 51
65 83
29 57 100
6 9 68 70
9 11 53 62 98
8 36 85 99
8 13 19 78
5
67 78 87
9
8 31 46 50 98
4 37 86 96
5 13 51 74
3 32 83
1 85 91
60 80
51 61 69 87
5 45 89
23 35 48 72 97
32 60 83 84 89
59
13 80 99
22 63 67
11 21 44 71 79
23 70 71 79 86
68 94
16
6 58 67
21 38 64 67 74
64 81
20 90 93 100
4
53 84
64
35 48 82 93 94
2 28 60
2 65
31 36 49 69 74
21 68 70 89
4 53 94
84 86
44 58
19 50 76 96
9 23 52 56 78
34 45
18 57
14 27 40 55 65
43 50 68 71
13 36 49 58
22 74 75 93
22 90 98 99
14 72 92 93
38
1 53
27 37 75 97
22 36 75 85 96
24 50 61
19 51 65 82
1 8 24 47
35 50 90
13
14 75
41
2 19
42 88
10 31 59 77 97
10 51
21 24 49 90
4 14 65
7 37 38 49 74
16
23 26 53 56 98
37 63 71
4 30 49 55 99
2 73
3 17 62 73 97
23 30 47 61 62
46 50
51 72 85
2 44 52 81
84
30 51 90
53 58 89 98
16
41 70 73
84 95
18
10 31 32 72 87
36 39 61 65
26 37 43 75 99
6 30 99
5 70 73 75 91
12 26 59 91
44
78
9 18 24 46 84
13 24 66 73 79
29
85 94
8 33 89 91
5 6 82 91
1 14 15 73 77
2 94
6 21 41
35 39 55 60 98
17 42 46 86
9 37 42 88
32 54 72 74
6
3 16 28 62
34 94
99
27
9 54
38 60
29 70 88
44 50 63 70
33 78 83 98
2 53
9
7 27 66 79 95
20 57 86
46 57 93
71
3 35 46 92
6 55
1
22 38
14 42 47 68 89
22 65 88
39 66
5 9 15 43
13 26 53 72 96
28 42 48 82
20 73 83
11 43 52 73 86
69 84
37 55
12 32 40 80
30 76
25 55 84
48 54 75 88 96
1
6 30 70 92
20 67 80 99
46
3 32 81
53 75
4 30 36 46 71
25 46 49 100
1 29 59 81
8 16 35 78
13 29 41 70 88
1 33 78
20
67
55
7 96
16 25 44 76
37 44 54 76 80
57 63 87 95
24
48
18 52
90
54 58 66 81 91
25 54 80
22 37 39 70
19 46 47 68 88
14 15 52 53 66
6 15 32 72 97
29 41 48 59 75
3 4 13 70 99
64
12 22 27
3 17
26 35 36
50 52 58 91
17 18 26 32 62
56
6
7 33 62 96
8 28
54 74 78
26 75 93
13 33 71 91
36
11 15
20 62 75 77 100
22 25 65 78 79
13 17 72
24 42 52 55
31
27 28 41 88
39 48 70
9 23 59 81
81
27 95
1 7 21 30 33
50 71 94
39 49 74 84 97
5
3
28 48 75
40
21 75 82
70 82 85 89 93
21 33
19
30 41 48 49 53
3 11 91 100
2 17 79 94
15
28 42 54 63 82
34 42 99
31 48 79 100
31 34 62 91 94
3 14 73 98
37 98
37 39 72 89
7 37 69 83
60
19 54
40 61 73 75
44 47 54 83
96
30 36 38 48 78
1 33 64 68 87
3 79
13 47 67
97
3 33 48
6 25 38 57 87
62 76
55 82 86
21 64 84
71
16 32 71 72 95
10 70 72 86
3 17 54
10 37 43
21 22 39 94 99
9 48
8 10 35 40 100
56 80 83
3 37 82 96
57 99
43 46 58
24 51 56 68
14 15 21 30 57
85 88
27 35 40 70 81
66 68
4 44 53
6 15
16
71 84
53
15 53 94
26 40 77 89
11 31 37 51 70
22 44
9 43 67 84 100
1 3 9 14 95
8 58 66
2 25 37 46 62
3 39 55 59
4 18 57 61 86
6 12 19
67
28 67 73
8 97
21 42 43 95
69
22 49 56
6 19 75
1 22 44 56 99
7 16 85 91
27 29 58 60 70
6 38
53 77
12 17 56 67
11
1 20 48 52 91
2 25 56 58 63
9 12 17 96
17
12 40 53
3 26
70 71
15 79 89
74
16 19 31 92
73
2 18 88
14 55
36 48 54 97
16 22 37 40 68
7
75 89
7 14 99
32 52 60 92
7 31 32 58
57
8 23 34 50 83
2 10 11 25 86
4 43 73 91
69
80
14 27 81 99
5 27 100
4 22 34 73
18
15 27 38
47 79
20
63
13 30 66 86
2 33 38 78 87
42 44 67 100
23 28 95
28 100
60
35 76
56 75 86 93
24 33 44 79 81
10 52
1 5 19 57 99
4 26 27 33 35
73 88 89 92
3 95
11 35 87 92 100
38 73 96
35 56 63 68 96
28 89
10 49 55 61 91
60 73
9 35 57
27 32 72
11 70 82
28 38 52 83
6 30 78
1
16 66 91
68 81
4 79 91 94 99
12 41 46 70
24 77 78 90 94
41 42 50 54
23 66 82
14 79
15 57 77
49 59 69 87 98
14 44 51 92 98
74
51 74
24
16 48 76 91 96
5 7
23 29 30 71 76
22 26 60 68 96
3 13 67
5 11 12 24
25 71 84 100
28 77
8 14 41
76 82
38 53 61
18 43 79
21 56 86
7 13 37 55 99
18 73 97
43 83 92 95
7 15 23
43 74
1 69 76 94
34 44 80 91
20 75 95
7 35 51 57 83
97
91
14 22 59 66 100
69
1 26 33 36
1 85 86
4 6 16 38 54
15 37 61 71
16 69 72 88
7 54 75
6 12 77 89
23 60 97 99
35 41
34 39 53 100
13 43 58 59 98
15 42 65 91
7 32 56 63
45 47 99
7 41 50 100
11 26
1 39 45 58
29 55 93
53
16 38 57
32 85
41 55 62 67
7 35 70 81
3 38 73
12
10 18 31 41 94
5 11 13 61 84
33 65
40 54 96
50 63 90
27 38 50 72
12
10 45 68 84 85
94
26 74 99
28 43 59
28
44 54 68
29 44 89
47 56 61
4 26 39 42 98
77
8 20 23 84
44 49 98
5 8
8 94
34 75 88 92 95
14 23
11 30 53 61 95
55 57 74 78 86
6 9 98
52 57 60 89
55 56 79
15 28 97
32 64 90 100
63
26 78
68 85
9 80 90
35
6 41 43 48 56
41
65
4 11 16 46 94
36 73
6 16 19 83 84
57
8 47 81 94
85 87
26 70 77 79
16 39 57 66 89
1 38 85 98
4 25 89
21 78 92
12 68 89 98
47 71 91 95
3 45 69 82
82
40 44 62
7 28 56 90 97
10 68 85 90
81 88
43 88
74 82 94
75
4 85
34 78
11 56 57 99
20 26 79
42 46 52 66 74
22 51 67 75
9 54
2 15 95
29 36 79
8 21 68
40 67
6 13 18
14 28 68 88
80
38 69
17 62 77 92 100
68
31 35 52 84
61 98
34 37 41
5 12 58
17 62
4 15 41
13 20 30 39
9 13 93
34 72 96
29 48 60
77
6 13 24
99
3 41 67 81
15 16 83
42 49 71 73 90
10 44 50 80
56 57 61 71 72
40 49 63 83
5 75 87 91
13 24 66 71 95
30
26 33 58 63 81
6 69
17 49 59 65 96
86
37
12 29 40 77 86
14 29 73 93 99
28 68
24 37 57
8 17 53
10 13 85 98
14 30 58 63
1 20 23 84
47 53 83
36 74 79 80
4 72
47 54 69 92
1 49
1 50 99
13 87
35 68 69 100
20 55
7 19 25 34 35
9 21 59
11 27 43 44 50
12 44 93 97
17 39 52 68
19 55 98
74
1 28 43 70
51 65 88
29 52 57 80
18 67 73 98
43
62
15 20 28 87
48 95 99
49 64 67 86
2 40 41 90
13 37
11 29 57 69
41
15 21 68
88 90
13 39 60 84
62
9 10 12 48 99
12 13 39 100
12 21 59 91
10 48
17 40 57
30 43 86 100
23 41 62 92
1 15 41
50
28 56
3 64
10 41
72 87
47 69 93 99
80
2 16 70 91
6 14 43 48
53
20 22 67 94
42 55 77 79 90
4 11 56 69
33 54 91
6 90
6
12 55
4 46
16 42 51 62 92
26 35 57
6 26 90 98
76 82
19 30 33 42 60
38 71
97
62
30 58 89 93
67
55 84
58 69 88
11 67
30 31 60
83
87
8 31 46 56
10 69 75
9 40 93
2 35 78 100
81
58 81 82 89
56
53
41
46 51 55 91
19
77 99
22 94
32 61
16 72 74 90 100
12 45 88 92
20
3 5 65 74 98
6 47 48 80
36 77
82 84 91 96
57 70 73 89
46 75 85 87 97
21 24 48 66 98
23 33 66 70 98
6 59 64 91
5 59
14
36 42 48
31 35 91
16 48
22 42 51 86
5 10 39 58
4 74 86
9 54 70
8 28 68
28 56
7
53 56 60 81 91
36 46
5 19 37 60 81
53 65
40 43 77
23 32 63 76
43 95
23 24 26 41
3 22 64 66 83
11 28 60 71 82
29
21 23 52 89
14 23
15 83
48
19 38 50 53 78
32 88
16 19 67 80 100
45 59 76
5 28 39 61
13 81 88 93 94
18 19 24 26 88
66 67 73 81
47
57 66 96
17 25 53 94 95
63 81
37
23 38 42 48 90
4 12 37 57 70
17
35
15 54 94 96
12 19 24 27 53
74
14 97
1 15 73
10 64
14 44 62 66
32 67 73
5 53 76 96 100
11 82 90 95
18 77 85 98
8 52
9 21 50 58
2 40 58
9 40
8 24 49
11 33 46 69 83
27 58
49
52 62 82 93
2
8 63
7 31 55
17 42 52
15 30 38 69 94
34 37 76 84
41 72 85 86 88
26 78 85 88
19 29 54 61 66
16 60 66 82 95
98 100
96
61
3 8 18
7 36 42 59
33 92
2 17 63 72 79
10 11 12 56 59
37
24 28 81 87
17 21 75
32 39 82 87
7 89
39 69 77
49 88 91
27 53 61
36
15 19 24 90
95
11 39 54 64
25 66 68 81
18 25 100
35 66
6 48 75 95
45
18 52
94
14 40 42 48
87
21 46 90
9
36 62
30 43 47 65
24 70
5 67
21
12 16 27 43 92
50 69 80
14 35 41 77 92
2
22 73 87 90
77
50 62
57
29 78 85
5 9 34
23 28 32 41 60
6 70 95
57 59
68
63 73
4 27
11 32 50
52
41 59 76
5 8 23 48 53
85
45 86
4 5 35 78 92
20 37 64 68 76
26 47 51
94
7 24 74
10 76
20 50 59
30 51
21 55 57 62
96
54 64 71 76
3 32 83 93
17 35
16 42 90
1 50 73 93 94
16 37 84
58
47 80 83
53
52
70
56
64
1 4 73 90
8
97
69 84 92
3 16 17 29
81
62 100
37 79 94
10 41 62 71 85
14 26 37 81
17 77
3 16 23 38
26 61 83
23 53 59 68 96
66 92
30 66 75 97
4 85 91
23
2 8 52
47 76 77 82 88
13 14
3
25 42 58 82
14 57 65 95
19 78
15 61 64 100
35 54 68
54 56
13 30 43 58 95
22 39 68 89 100
59
30 40 71
79
6 83
27 29 69
41
17 33
53
32 34 83 86
1 2 22 38 68
25 45 68 78 96
58 67 68
60 84
6 20 66
51 84
16 17
26 69
18 28 48 55
31 66 80
16 53 69 99
17 29
4 23 42 64 76
7 28 91
72
5 61
10 31 38
32 39 46 91
64
10 34 75 84 92
1 18 87
17
27 60 62
22 35 57 65 81
76
97
53 55 63
34 64 67
51
47 60 67 89
24 35 54 71
50
73 100
19 22 60 94 99
24 31 49 52 65
47
15 42 52 74 83
8 23 53 69 82
17 41 67 98
34 82 85
33
36 62 70
6 87
33 41 60 75 93
16 28 98
6 38 62 92 96
6 60 100
73 75
3 23 46 49
41 75 82
63 86
65
49 58 60 91
23 62 77 78 80
25 94
65 91
74 89
24 63 96
43
10 45 57
15 20 34 40
38 45 55
6 56 94 99
80
42 43 59 88
7 16 42 95
14 43 78 88
82
62
16 50
12 36 65 74
36 60 68 86 100
18 51 62 76 95
37 56 81 98
9 64 72
5 100
2 16 39 50 58
41 54 73 85
12 18 49 71 96
42 64 98
81
9 42
33 41 44 48 75
16 33 40 81 88
5 75 82 92
11 30 48 63
3
29 46 75 76
17 22 29 46 74
14 33 38 50 74
15 75 95
22
57 77 80 98
21 73 87
38 41 58 68 74
25 37 92 93
56
82
28 44
7 34 58 91
22 33 50 51
3
53 62 86 95
38 64 86 94 99
17
11 44 56 63
5 30 40 54 88
36 49
30 54 68
11 17
36 52
98
23
52 86
69
2 57
33 53 64 66 82
30 97
32 57 76 84
10
21 36 57 81 100
12
9 92
70 73 97 99
21
29
75
28
32 34
16 20 42 60 79
10 64 85
13 32 35 73 82
21 42 62 79 89
9 90 95 96 98
9 31 38 69 88
9 61
30 65
25 26 67 90
49 51 58 97
30 50 52 97
7
17 47 62
24 31 48 62 76
12 66 75 99
32 48 51 86
49 80
20 36 56 58
33 43 51
19 34 54 75 88
4 45 47 51 58
44 47 64
32 36 86 92
55 67 90 94
6 33 50 74 93
27 36 67 86 90
73 82
31 53
11 57
59
38 64
25 88
12 49 53
6 40
17 29 44 71 97
55 58
3 9 15 46 83
43 65 77 91 98
17 47
64 85
7 19 63
35
12 21 86
11 66 80 95
1
44 48 73 85 86
9 15 27 53 63
14 30 84
43 52 54 82
62 84 86 92
27 68
17 27 38 43 71
67
42 51 68 73
11
4 9 44 50 86
96
76 77 89 100
65 96
2 30 94
17 61 68 83 99
69 99
13
19 34 43
9 20 93 95
25 52 57 75
75 78
1
3 14 60 75 95
40 59
60 82 90
29 43
8 15 36 85
50
59 82
90 95
25 36 71 86
1 9 39 46
26 71
7 24 34 46 51
12 79 98
10 14
8 18 30 97
9 15 22 72 73
17 23 44 48 51
17 34 97
4 23 29 81
18 30 42 83 96
37
44
8 41 57 92 96
18
27 62
17
12 29 79 92 99
19 60
6 20 21 24
50 63
40 55 67 69 90
86
5 18 88
19 68 94
91
23
36 42 48
1 86
5 28 46 80
38 41 100
1 5 13 53 79
32 44 57
46 57
22 87 90
11 28 90
65 71
32 33 73
17 18 44 94
22 65 67 83
41 50 55
9 38 60 74 92
71 78 93
33
12 24 26 53 67
56 63 67
1 15 39
20 84
72 91
2 16 22 29 35
3 33 52 88
22 64 71 86
21 50 59 63
11 17 22 71 97
66 90
82
37 61 70
8 66 73 88
6 11 14 29 45
5 10 30 93
56
24 91 98 100
93
6 36 47 62 91
7 8 31
90
36 39 62 67
45
51 58 61
20 65
63 94
49 92 93 94 98
83
3
1 88
6 27 82
36 39 57
60 70
31 38 48 95
23 63
51 67
29 90
9 32 61
6 20 21 92
10 31 88
85
9 15 50 73
24
55 75 82 91
9 29 43
57 60 63
54 63 92 95
40 64
48
15
25 31 63 78 88
27 43 63 90
94
10
1 41
11
27
40
50 52 81
60 80 92
90 99
6 44 49
83 84
62 66 96
61
4 27 60 66 75
65
2 17 23 45
58 65
29 36 41
10 43 49 99 100
13 57 67 91 94
12 23 34
10 54 97
34
17 43 45 47
20 45
34
30 98
4 61 69
66
1 16 57 88
9 50 76 90
16
40 57 77 83
1 90 93
25 78 79
19 54 80 97
3 29 69
27 75 93 96
45 80
1 96
8 13 15 45
4 27 92 94
33 68 93
28 37 75 87
37 46 49 80
16 28
14 28 31
10 27
28 32 64
27 53 59 66 85
30 48
46 57 60 92 98
1 13 77 88 92
59
7 34 76 90 100
66 75
20 46
22 63 70 82
15 19 44 82 94
45 49 55 74 77
35 70
32 48 51 67 96
13 20 80 95
2 29 46 83
39
30
29 60
3 10 57 87
44 63 80 90
9
26 42 51 78
12 35 53
94
30 81 96 97
6 71 83
93
75
46
30 65
29 38 64
12 20 39 44 89
14 57 63 98
3 26 79 83
1 8 10 32
2 82
42 72
30 44 92
12 28 30 39 51
41 64
5 72 77 97
8 61 73 94
11 87
17 30 34 59
69 70 73 82
11 34 39
1 12 55 90
49 97
50 68
2 30 69
50 56 57 74
29 36 95
35 37 63 76 97
43 49 59
19 90
1 3 25 66 94
87
3 29 48 98
47 95
26 68
30 36 39 58 83
27 31
63
14 46 78 84 87
95
21 53 70 85 96
54 88
23 32 46
13 49 68 69 73
18 19 65 73 94
27
15 76 79 87 88
51 96
29
65 67 82
38 85
3 19 84
2 4 79
37 55
10 32 69 88
20 31 35 49
20 42 54 81 91
34 48 59
71
14
60
39 78 81 97 99
91
8 20
47 63 75 86 92
32 71
8 47 76 93
10 11
14 54 69
19 46 85
2 84 90
9 45 63 81 96
31 32 37 38 97
5 31
10 33
37 63 72 98
50 78 83 96
54
7
11 12
57
1 26 42 80
27 76 78 96
1 20 48 55 56
17 24 27 51
1 34 93
19 22 47 70
28 36 50 64
22 32 76 77 82
5 42 47 83
23 44 52 61 88
38 44 76 89 100
10 84 99
19 36 55
6
21 62
17 30 40 47 67
26 44 48 63 100
26 33 45 66
15
17 58 86
21 72 86 90
27
21 30 35 70 72
1 3 18 51 90
31
6 25 28 47 96
41 49 56 74
9 18
22 37 58 75
46 51 93 94
93
25 29 88 100
24 53 61 82 88
57 79
36 43
1
27 55 87
23 26 47
2 63 67 68 92
37 50 91 99
17 72
33
8 41 70 94
21 22 38 83 99
35 62 72 90 93
10 45
12 44
12 87
12 97
36 40 41 47 94
10
19 76
24 68
11 15 57 65 87
10 63 96
27 34 37 41
14 68 89
39 53
23 29 43 83
6 96 100
32
15 16
28
82 96
31
73 74 81
4 13 14 57 82
56 75 80
7
12 48 80 100
4 20 72 99
13 24 63 83 100
3 28 30 51
47 66 79
17 49
41
33 40 63
5 69 90
7 65
10 18 29
28 95
22 24 46 51 66
16
41
7 11 69 99
15 20 29 32 89
43 47 67 91
32 35 41
3 4 49 68
32 78 83 84
45
8 70
11 15 62 75
13 14 43 87
15 26 85 89
27 71 74
21 28
6 36 83 91
45
27 57 82 92
51 62 64 98 99
54 64
36 68 73
38 55 85
6 75
83
15 46 56
53 66 96
13 31
13 57 82 98
99
50 58 59
34 54 77 89
64
5 20 87
10 42 60 79 90
4 91
19 28 63
13 34 55 75
18 36 49
6
14 39 53 97
19
72
6 25 52 74 97
1 72 80
6 30 39 69
12 17 30 62 97
73
5 16 65 74 89
47
42 63 76 87 93
14 27
51 94
63
35 40 93
23 50 51
10 17 55 69
66
73 96
13
23
14 17 32 68
15 56 85 86 96
15 37
4 37 74 75 89
42 48 50 81
44 63 80
36 82
38 75 78 98
25 51 83
82
6 67 78
7 28 39 85
6 90
47
13 14 22 34 58
9 29 69 97
22 44
84
98
20 50 51 61
3 8 53 55 84
45
6 23 32 41 73
12 99
90
100
14 19 62 76
19 46 60 67 88
23 39 74 79 85
15 42 85
28 36 88 92
10 39
20 43 98
77
48 84
30 49
46 64 67 85
60
26 77 81 89
78 96
45 63
13 89
9 10 13 23
20 24 44 57 74
1 46 72
26 59 87
40 95
43 47
9 57 62 75
2 12 52 75
19 58 88 89 100
2 37
35 54
3 44 64 79 92
47
74
47 54 62
38 43 61 67 76
4 39 40
42 43 98 99
25 68 85
53 68 89
4 8 44 64
41 47 77
14 26 98
16 74
16
31 34 48 86 95
16 26 38 65 93
15 24
9 12 65 69 98
86
19 83
52
53
6 55 72 82
33 39 100
5
48
58
100
15 62 93
17 47
19 20 21 35 80
40 100
4 37
27 65 80
1 19
6 34 54 67
8 13 18 51
34
1 60
32 40 68
30 33 71 85 92
18 43 91
51 83 87
85 91
32 47 71
2 13 34 39
53
57 89 93
43 46 75 99
52
32 37
13 21 62 81
36
19
46 74 76
69
9 33 42 89
99
52
38 39 46
41 78
35 37 46 72 75
17 42 76
52 74 85 87
28 62 66 72 75
92 100
13 16 34 61 63
30 56
19 36 57 66 67
9
46
18 21 43 75 81
29 49
27 46 47 53
33 35 49 51 100
13 36
17 24 79
20 49 53 58 96
13 39 54 71 85
22 23 28 33 81
25 48 56 75 100
8 26 66 68
47 58 95
35 46 56 78 81
27
30 39 65 72
48
19 71 78 96
29
46 74 85
22 95
20 41 63
10 24
6 13 51 63
2 11 34 52 78
77
78 92
5 8 86 89
32
62
29 37 55 56 83
2 31 66 78
11 43 69
1 40 52 92
97
10 24
83
45 50 70 76
18 22 27 36
25 33 51
23 52 77 86 97
32 56 59 83
28 43 70 86 94
34 43 60 67 75
13 77 79 80 91
4 17 52 63 85
2 25 43 87
15
50
1 3 50 63 98
31
5 24 32 87 97
1 24 49 51
98
17 34 76 83
52 55 59 61
77 82
57 59 62
38 61 84
5 56 97
18 34
20 32 51 52 82
41 86
57
38 82 97
69
75 88
13 36 92 100
18 36 70 88
81
12 14 69 71 98
13 51 56 82 96
44 95
1 6 30 86 90
20 44 68
75 80
60 66 86
11
15 25
12
3 33 74
12 13 15 53 55
48 53 85 95
3 5 29 96
2 48 87
5 8 41 54
39 61 67
26 33 39 58 91
47 84 87
11
14 40 47 76 87
2 74
22 28 36 83 98
16 32 58 93
49 90
24 41 43 58
42
9 31 55 97
23 57
7 37 87
55
27 50 83
20 43 60 64
44 49 51 95
34 35 66 99
12 43 62 74
6 21 38 72 93
22 41 58 99
10 11
13
5 14 40 82
48 52 92
96
60
14 34
17 32 74 78
72
38
57 59 88
73 84 89 95
67 75 81 88
12 36 63
17 72 75 94 96
9 84
40 49 59 87
14 36 43 61 68
1 15 68
26 39 71 73 87
53
41 74
6 21
17 84
17 31 49 78
8
52 62
41
23
7 74
33 47 54 62
97
29 37 66 67 70
28 31 34 69 97
10 34 81
4 32 93
10 25 26 55 92
5 41 62 77
7 17 73 85
1 82 86
34
80
8 30 82 85
3 18 42 49
43 63 78 95
87
25 96
71
33
7 13 75 95
8 77
18 83 88
58 64 68 70 89
98
11 50 54 89
35 49 64
24 42 77
32 50 81 87
70 83
13 38 50 75 98
10 16 51 56 71
64
16 39
23 53
8
2 52 54 70 78
16 23
24 41 47
8 25 49 51 84
53 55 66
45
73
14 22 57 85 89
73 98 99
27 39 56 65 68
8 57 72 73 95
4 72 79 81
20 26
33
51
22 59 99
9 63 88
11 36 44 61 80
13
20
26 79
54 65
34 55 80
5 16 46 98
50 89 100
84 87
45 46
13 16 37 57 94
44 97 99
35 56 98
30 43 46 79 88
9 82
4 32 43 83 85
3 34 80
26 35
44
25 85
30
28 82
35
22 60 88
72 84 88
33 44 70
10 22
14 33 55 60 75
43 57
27
37 46
85 94
48
10 26 44 62
1 3 64 74 88
70
25 65 69 92
39 51 62 75
40 65 76 78 80
6 16
13
23
1 16 43 68 90
14 49 52 100
6 38 88
9 20 95
51
25 32 82
28 63 85
13 17
62
97
16
9 56 61 78
15 65
51 91
22 32 45 92
6 15 39 67 96
51
7 8 38 39
22 40 73 82
3
75 87
34 37 83
44 67
9 23 31 50 65
17 21 41 67
73 95
27 51
59
29 78
33
19 22 51 63 70
6 16 28 44 93
21 35 58 93
6 23 33 37 44
14 42 80
15 35
40
57 67 86 98
59 63 70
28 34 41
2 29 36 44 98
22 92
2 70 73 93 94
39 68
79
77 94 100
49
1 10 21 35 52
19 27 42
31 34 55 96
18
14 28 62
21 40 61
75 94
52 70 87
41 56 76
27 35 36 41
4 40 93
80
7 51 59
20 36 48
24 36 57 97
60 62 100
19
10
69
7 11 19 80
34 58 70 73 76
20 25 55 68 93
49 59
98
16
21 43 47 66 68
19
3 25
1 88 89
6 19 74 76
33 36 41 75
20 24 69
93 98
20 56 99 100
2 17 19 50 59
20 57
22 57 62
50 61
59
59 93
22 85
5 28 44 60 79
10 17 21 27 33
91
4 22 48 68 88
20 38 41 89
18 91
42 61 74 82 83
60 69 88
18 42 64 65 67
22 79
6 16 55 95
75 88
8 47
62 90 94
11 13 54
22 36 55 90
4 8
89
4 15 46
22
19 72 83 99
6 8 72 88
7 26 42
1 53 65 79
60
34 51 58 59
17 44 69 90 92
7 8 25 38 48
9 52
7 76 77 85
17 66 70 75
14 50 74
5 56 59 71 97
3 53 69
54 73
29 78 98
59 81
84
77
5 16 18 20 82
23 68
40 50 83
12
64
24 37 85 87
34 43 45 87 96
12 17 71 78
26
12 19
31 68 79 90
18 37 88
27 62 69 84 99
1 21 60 94 95
32 55
10 87
36 48 67 77 85
19 55 70
29 34 67
55
46
59
16 52 92 96
7 27 48 58 72
20 43 56
27 61 95
31 45 47 74 99
82
76 77 84 92
14 20 70 81 95
4 25 34 48 78
47
11 22 93
39 42 54 61 87
95 98
26 35 57 94
3 48 88 90
7 63
1 5 44 67
4 10 36 60
46 48 98
1 18 54 74
100
14 56 83 85
39 44
6 56 85 88
70 74 84 99
32
47 52 70 72
26 30 71 75 88
36 51 60
17 26 67 77 94
38
36
3 6 29 57 87
8 14 64
49 56 77
36 46 60 96
46
78
30
4 33 54 68 99
29
44 63 70 83
30 49 89 99
28 64 69 80
10 14
12 46 52 83 97
35 82 85
1 18 43 58 85
25 28
30
29 38
35 93
1 48 58
18 66 83
27 28 40 66
23 58 72
4 11 20 100
7 42 72
51
25 74
80 84
73 76
62 84
3 78
16 40 50 93
41 43 93 98
24 37 81 90
17
13 71 75 89
66 77 85 88
50 65
37 43 69 81 98
12 87
40 41
40
51 77 78 99
29 43 61
69 85
4 43 89
34 51 57 76
37 45 66
27 55 64 93
4 8 31 62
52
10
25 60 98 99
3 20 26 82 88
6
1 41 69 80
3
23 82
31 33 68 73 91
51
7 37 78
46
68
15 47 67
56
74
2 47
19 41 81
34 55 78 99
11 40 46 78
15 65 80 91
4 48 56 69 96
80 87
10 24 37 50 69
11 13 63 98
56 59
47
10 14 43 87 88
43 55 72 84
20 27 44 79
5
27 46 51 97
1 3 52 71 87
3 61 69 87 90
15 20 37
51 57
20 98
14
14 34 47 94
46
75
27 57 63 77 97
20 26 78 99
1 38 57 65
36 97
1 90
10 13 75 80
4 6 32 61
4 11 25 73
7 11 26 32
20 72 86 88
61
9 40 41 82
65 69 82
7 11 12 93
74 100
16 34 56
6 30 92
48 63
3 37 55 97
17 59 81 99
33 34 44
69
54 80
26 39
1 6 77
49 74 79
16 25 38 50
29 55 58 92
33
16
85
4 23 26
16 20 77 90 97
44 45 58
82
57 87
14 48
8 27 34 42 79
86
28
24 49
25 63 79 81 98
73
65
11 92
21 23 24 44 67
19 59 76 94
1
11 31 36 67 100
14 71
24 51 89
7 42
71 77
99
16 50 52 89
30 38 51 55 96
22 86
9 27 40 72 82
50
24 35 46 95
1
26 67 77 97
33 46 49 52 79
50
54 56 73 84 93
70 73
35 58
2 15
1 30 58 70
15 81 89
56 100
35 56
10 53 64 77
30 54 66 92
52
15 75 78
61 65 76 82
45
33 77 89 90
55 77
26 28 64 86
11 17 61 84 93
25
42
10 50 81
32 74
4
16 20 34 73 75
39 48 54 73
7 58
45 71 94
83
12 50 52
58 60
7 22 23 57 97
10 80
51 92
65
14
92 93
22 40 63 73 75
29 56 84 95 100
46 60
18 48
8
42
25 52 54 98
27 49 88 94 100
5 55
57
50 74 89
5 40 68 96
61
59
62 72 86
3 21 55 59
12 33 56 78 81
1 42 64
67
23 34 56 70
14 25 52 93
6 34 85
38 60 83 95
8
20 26 30
50 58 91
55 99
47 74
89
15 31 78
3 18
36 37 49
6 10 52
34 43 65 77
36 39 44 63
13 28 38 75
3 84 93
2 82 84
19 90
14 48 70 96
33 74 78 90
41 44
8 28
41 54 68 69
22 70 74
13 19 43 79 92
31
18 74 80 92 97
17 19 32 72 77
10 21 28 73
52 54 71
33 52 60 100
16
13
25 86 90
17 23 61 68 86
74 82
27 65 81 82
34
23 58 88
24 60 97 100
54 98
12 44
21
4 7 22
28 29 40 50 64
2 31
12 27 41 42 60
1 35 43 59
2 62
51 78 83
12 43 66
23 47 49 53
38
72 74
4 23 71 77 93
30 79 84 96 97
47 56 61
74
44
5 13 17 58 99
17 81
59 94
36
8 10 27 36 95
27 47 72
27 33 47
83 96
40 86
1 26 49 67
43 72
5 77
4 36
26 38 48 96
22 93
10 33 58
75 95
53
67 96
24 43
39 90
93
62 66 94 99
20
40 41 52 78
9 10 39
18 50 64 94 96
4 21 34 37 91
70 98
1 15 54 80
12 35
38
53 67
9 70 75
88
79
7 34
6 12 27 36 55
1 77
4 5 27
27 48 65 74
10 58 77 85
17 22 40 60 62
29 59 67 99
10 11 32 92
72
17 21 56
20
26
36 41
27 80 100
32 40 53 54 59
1 49 96
7 8 16 20 36
12 26 38 54
76
13 61 71
70
62
48 61 86
53 70
47 52 59 64
8 18 43 94
45 53 69
6
23 37 39
17 23 41 50
6 33
29 67 68 89
54 76
52
66 92
13 41 53
52
2 80 85
32 73 76 100
9 21 46 87 94
29 36 69
1 2 6 49 50
9 12 54 62 66
36 74 84 88
88
38 53 99
34 35 89 93 97
32 69
11 12 66
26 39
25 28 53 69
23 28 47 63
13 91
13
16
5 16 25 41 60
35 52 71 83
96
61 96
37 41 43 65 76
66 69 72
31 50 57 65 86
19 43 72 92 97
23 41 52 80
30 95 96
10 59
43 50 63
22 49
45 77
41 72 74
51 90 99
26 46 69 87
57 92
15 31
24 42 67 74 81
21 39 56 97 98
30 46 55
6 40
2 40 41 55 68
25 42
15 17 50 60
11 15 81
65
35
75 88
36 77 79
25 41 70 95
56
23 43 57 59 78
13
64
15 63 65 69 93
5 33 56 75 86
98 100
9 67
16 38 55 66
2 47
19 96
40
67 79
27 82 98
75 87
50 60 91
23 24 97 98
9 60 69 78
8 41
17 50 78
81
56
25 28 69 77 95
83
1 16 58
33 45 76 100
81
19 96
3 7 45 61 70
61 85 92 93
10 19 52 88
21 22 52 56 80
69 79
36 41 64 65 74
75
35 47 61
18 44 57
8 17 38 50
48
19 44 49 72 83
74
38 52 68 73
3 32 97
18 45 86 90
9 78 100
70 91
48 52 78 100
30
78
13 23 27 67
8 12
37 39 56 68
97
61 95
4 30 67 91
16 25 47 56 63
12 39 100
32 37 85
3 19 32 74
32 34 72 100
10 28 48 53 61
41
2 14 78
43 57
49 74
15 73 85 94
55 59
2 29 77 91
35 94
74 78
15 17 20 53
64 91
50 70
30 74 82
38 94 99
15 36 81 85
44 48 76 87
6 40 46 80 87
82
76 98
61 84
11 64
36 56 57
12 62 84
24 51
41 73
4 12 19 43 67
11 27 44 91
7 26
63 73 89 91
61 71
5 6 44
77 85 95
16 37 72 89
22 55 76
22 41 44 48 76
63 71 81 92
26 27 87 100
23 37 77
29 33 56 60 83
32 41 59 61
7 74 97
5 83
29
62 96
2 88
17 74 77
44 82
1 9 36 87 94
34 47 95
1 8 32 37 93
1 30 40 47 57
10 25 78
4 32 69 81
11 85 93
4 62
31 33 54 93
15 26 39 77 88
1 13 94 100
83
1 14 27 48 62
6 20 100
20 43 51 96
21 57
3
33 61 83
13
10 53 65
4 17 77 82
13 36 67 74 95
25 29 54
15 56
25
31
90
4 19 47 84
20 50
24 35 76 91
4 23 94
4 15 18 31 71
69
60 73
5 13 26 57
89 99
55 59 97
38 64 76 87
64 67
21 63 79 86 92
76
2 9 20 45
48 65 74 75 86
24 34 77 83
43 75
55
27 70 90
17 27 28 65
15
21
73
7 26 30 55
16 29 52 57 100
79
18 63 85
25 41 72 80
50
3 14 85
23 50
13 15 24
16 99
42 49 82
6 19 31
26
66 77
17 54 63 67 80
18 23 61
3 56 59
26 31 51 81
7 67 80 83 100
36
98
56
8 13 96
56
29 63
9 86 95
33 72 91
1
100
13
13 61 83
11 17 34 55 65
41 96
67 87
20 22 51
39 42 56 57 84
11 36 37 83 89
4
4 7 16 73 79
10 21
53 63 65
25 29 37
1 88
38
10 44 74
19 68 88
37 50 80
36 62 76
29 87
2 26 43 48 60
39 70 77 88 89
11 31 74
60
20 37 47
22 53
11
20 22
87 96 98
36 55 77 99
40 71 93
27 67
33 36 79
25 44 63 65 75
87
65 82
49 85
51 82
77
65 70
34 79
15
17 32 57
81 85 86 91
26 78
23 42 89
70 73 86 97 99
33
11 43 78 88
5 23 46 57 95
63
45 66 93
2 17 76 89
2 9 39 75
6 7 14 67
50 61 68 75
13 18 39 50
46 67 98
38 91
7 43 82
8 18 53 93
28 67
52 65 94
11 16 39 40 94
81 99
11 30 40 46 67
22 53
23 34
78 80 97
7 34 67 71 86
47
28 78 89 95
30 58 64 82 96
33 98
36 37 82 87
22 69 82 87
16 91
21 64
13 42 48 51 66
65 68 82 86
31 49 81 93
10 41 84
12 35 50 65
31 38 51 91
11 18 25 53 87
63 67 94
20 50
2 14 29 88 92
33
12 22 71 84
59 68 75
32
30 72
7 20 33 60 79
24 33 56 65 68
40 86
19
39 41
37 54 88 90
22 44 67 78 87
65 100
9 34 79 84 85
6 57 71
8 66 74 75
3 70 79 80 87
31 34 50
54
18 22 40
1 3 36 73 93
2 35 84 93
16 19 43 47 62
43
21 87
6 38 61 100
67
52 54 57 92 95
47 70 73
32 92
69
4 24 40 70 99
27 28 82
48 65 76
29 84 87 88 99
22 50
1 7 87
8 45 80 96 98
19 27 63 83
52 59 61
37 77 84 92 96
15 93
29 43 70 76 86
99
80 92
17 45 57 63
20 35 87
31 45 55 96
62 73 75 81
24
15 32 52
30
67 69 77
54 91
5 67
61
54 98
38 73 90 94 97
5
35 51 53 69
15 22 54 100
39
46 47
3 37 67 83 88
35 39 89
89
44 53
58 61 66
5 22 45 65 93
21
32 80
1 10 13 78 98
30
34 41 51
29 96 100
2 46 82
60 61 63
38 56 79 93
1 6 9 63
97
52
73
7 33 65 72
19 51 73 76
45 60 82 90 96
3 49
50 58 68 88
1 95
2 56 88
6 57 62 69
30 56 87
49 60
41 71
5 26 50 62 66
22 43 60 76 99
7 17 26
8 17 19 29 77
46 66 84
60 75 95
18 21 65
7 21
3 21 36 79
18 87
35 49 66
70 85
24 41
2 47
13 45 60 70 72
4 36
63 78 83
42 55 57 70
4 40
72
45 78
11 53 55 80
19 49 97
7 26 29 92
25 33 34 93 95
35 47 99
15 18 37
10
24 53
8 32 42 99
26 58
15 39 75
14 67 70
15 38 99
8
7 10
48 65 81 85 90
15 31 66 68 80
63
10
7 48 50 68 84
26 48 94
15 37 48 76 97
42 54 62 75
16 28
25 29 33 43 83
51 82
30
14 40 78
54
31 64 69
10 12 45 50 55
1
3 9 58
19 32 49 82 98
11 21 22 79 81
9 18 34 42 97
26 57 61 67 68
5 18 33 42
42 92 98
2 45 66 68 92
18 24 61
67 100
67 80
7 76
21 79 88
33 91
42 64 90
14 46 78 94
14 26 28 47 59
100
36 81 86 87
6
25 63 69 74 99
19 89
1 92
1 38 47 98
10 11 51 61
67
23 42 45 64
23 98
38
18 80
8 53 87 98 100
17 88
38
2
1 59
18 20 22 33
33 46 91
24 69 99
81
15 90
25 30 94
22 48
7 12 14 55
36 48 65 98
43 47 81
2 5
14 58 61 90
34 45 85
49 56 85 99 100
18 45 82 89
50
30 37 66 95
12 77 79
5
27
14 32 37 89
3 10 49 90 94
28 29 50 71
10
92
10 33 40 47 66
19 31 44 76
53 60 79 100
36 40 73
4 5 6 65 93
17 39
10 14 39 54
27 74 81
69
3 78
29 78
36
43 68 72
87 96
52 71
8 13 29 41
11 20 41 47 66
1 22 31 90
50 64
92
3 11 90
13 68
91
13
9
19
6 31 70
2 5 80 85 90
1 56 58 79
4 11 37
58 88
2 39 64 96
36
39
12 25 37 67
1 64
51
41 84
33 51 83 86 98
44 71 90
42 45 56 82
18 24 54 56 72
12 53 79 82 95
9 58 62
44
34
18 70 72
5 12 14 48 59
39 62
15 20 60
1 4 9 71
21 33
26
10 44 56 71 88
30
33 47 61
5 26 51
54 58 87
18 85 98
46 56 88
21 54 55 79 90
7 11 28 62
88
44 82 97
26 38 53 59 62
8 92
22 61 70
12 38 45 58
49 84
31 48 58 60 75
44 47
5 18 94
39 55 63
8 85
49 73
25 76
18 69 71
10 33 39 52 62
7 12 20 62 87
1 2 41
11 56 73 77 92
2 24 52 84
8
4 75
30 47 60
18 20 23 51 71
45
41 72 91
82 87
18 68
15 16 50 58
7 83
63 84
95
46 82
9 59 65 95
10 12
35 41 100
22 47 72
14 43 92
6 57 71 90
65 72 79 88 89
1 74 80
3 35 72 96
22 40 47 83
31 44 67 70 72
43
6 40 81 84
9 60
7 12 24 26
49 75 99
27 42 67 84 99
49 75
4 63 64 75
12 24 44 74
21 28 50 63
36 62 74
15 57
76 85
2 45 78
27 66 69 95 97
1 72
1 23 62 65 71
21 29 51 74
14 16 39
26 43 74 93 98
16 40 61 66
11 24 77 91 93
2 3 11 95
18 26
2 81
2 34 44 59 62
48 68 87
13 19 41 78 80
70
97
49 62 74
19 47 48 62 71
4
4 7 75 83 89
62 79 81
20 43 61
19 65 92
6 38 96 99
14 34 53 99
82
24
7 10 70 86 99
50 51 77 86
29 92 100
84
60 61 73
15 19
94 95
88
8 49 57 79 92
7
24
67 78
11 23 34 82 95
11 12
49 71
46 56 63 89 93
85 95
16 38
57
6 12 63 77 81
8 41 82
15 55 79 82
2
9 85 90 92
28 45
11
51 60
26
59
12 50 69
32 60 73
43 44 66 91 93
24 29 60
70
24 30 32 43
28
56
15 16 29 34
20
64
24 78 91 93
60
49
34 42 50 61 70
3 44 81
43 96
3 44 54 55 78
47
30
58
76 81 91 98
4 5 21 28 32
5 7 61 99
66
14 83 98
27 68 93
19 44
22 24 63
11 24 32 68
34 68
35 52 62 74
15 68
42 58 78 93 100
43 76
4 14
23 80 93
14 48 49 58
71
11 32 45
27
7 48 53 64 99
3 12 49 63
13 37 45 74
25 47 49
3 42 49 67
27 80
10 35 88
58
2 38 39 82
57 63 83 86 87
57 90 100
83
4 17 47 75
14 24 80
61 74 86
28 33 38
6 68 74
87
50
10 15 54 62 74
34 35 40
7 32 58 94
56 60 97
5 29
41 47 61 81 87
58 64
9 17 19 38 40
17 26
2 14 38 67
89
11 72 97
22 66 70 97
72 75 90
54
65 83 88
6 25 72 74
3 86 96 99
25 50 53 63 87
10 29 36 99
13 37
8
9 23 70 92 93
7
6 30 61 71 72
14
17 38 54
7 21 38 53 67
19
22 55 56 59 96
30 87 95 98
13 81 88
6 15 18 44 61
1 41 46 48 82
1 23 26 65
57 74 75 82
50 84 89 99
12 59 89 94
14 55 76
4 25
24 50 70 94
31 66
10 39 48 71 93
34 91 97
32 37 73 87
45 58
51 81 82
44 58 64
4 12 29 50 62
2 8 14 29 50
15
9 67 91
56
17 31 54 73
27 33 51 70
48 89
57 63 65
41 53 57 66 87
37
2 48
12 42 74 88
67 92
8 24
6 23 35 72 81
9 12 62 84
23 34 42 81 98
1 30 45 57
7 40 74
22 24 74 79 91
18 97
14 56 78 83 85
17
7 8 41 56 66
8 76 77
8 20 37
14 83
47
30 50 59
44 51 83 84
28 38 42 73 74
4 14 18
59 68 95
66 67
19 67
27 43 48 72
7 17 47 88
32 62
6 59 65 75 87
1 26 60
57 70 77 99
43 67 82 94
57
2 22 78
1 45 62 70 79
71
58 79
6 82
5 6 44
13 18 71 93 95
44 54 67
1 79 86
7 15 54 80 100
17 37
16 41 54 61
48
30 37
29 43 58 88 100
30
5 20 80
29 46 54 93 100
32 58 67 89 93
42
80
90 94
59 71
3 36 39 67
17 53 60
11 49 76
10 15 41 74 77
99
35 73
6 34 56 77 99
13 39 53 68 85
57
3 30 40 91
41 81
65 84
4 8 16 53 81
66 94
17 54 75 90
23 62
20 52 70 76 92
42
12 22 31 38
22 25 36
3 23 55
7 39 62
42 92
2 5 28 40 96
29 45 59 60 72
22 60
29 36 37 62
5 41 49
7 30
17 39 41
62 81
6 73
12
5 43 62
16
36 100
36 91
1
6 53 89
44
13 62 68 73 92
47 51 88
26 66 81
15 68 76 88
7 30 61 72
50 72 96
46 58 60 76
14 96
4 6 11 64 87
16 46 77 84 100
16 53 83 97
56
1 4
73
48 75 87
27 29 33 36 83
18 41 70
29
66 87
88 95
6 67 80
57 95
26 56 77
24 51 67
12 21 31 32 49
14 49 79 87
8 24 28 78
7 18 45 76
2 24 72 98
1 62 66 88
2
33 53 60 63 73
17 90
23 43 76 98
49
28 37 57 58
10 32 46 65
30 38 55 73
24 31 53
10 11 80
12 18 53
1 7
30 33 58 69 92
16
44 80
11 12 34 47 48
20 98
49 83 89 93 95
15 16 34 65 84
70 77 78 98
38 62
44
11 14 23 45 97
12 78
26 43 48 50 75
7 9 14 59 71
30
9 16 54
75
39
44 49 80 88
13 35 46 82 99
43 57 60
33 62 68 95 100
2 6 8 14 34
11 50 91
16 27 37 77
1 69 91
4 12 33 97
41 74 89
7 26 81 86 100
19 30 82
3
75
30 71 79 84
19 46 64 77
20 56 70 72
32 60 83 96
5 11 60 68
1 5 25 66 83
4 8 38 65
44
33 48 49
9 41 59
50 57 67 93
14 20 43 58 82
93
31 45 75 78 91
49
4 45 91 94
4 49 91
16
16 42 89 91
85
33 47 65
39 51 73
11 15
14 47
6
31
3 58 73 89
10 46
63 65 75 99
10 18 42 68 100
4 15 71 98
63 77 94
65
81
24 45 51 59 83
56 71
2 18 39 60 72
55
35
1 26 68 100
58
32 88 93 99
1 19 24 30
4
2 17 40
39
87 90 95
38
3 5 8 53 67
55 58
57 60 86
18 23 68 87
12 48
23 37 60 64 75
49 74 97
19 60
42 75 76 81 91
15 40
17 35 37 45
46 75 96
4 38 45 87
16 24 29 65
4 52 70 99
3 47 58 71
14 100
45
41 46 63 80
18 43 88
33
3 45 63
5 32 44 60
43
85 93
2 51
16 25 37 45 88
8 66 71 83
68 77 95
35 69 74 85
4 20 66 74 75
20 75
24
5 21 50 56 84
50 84
35 55 56 71
40 57 87
33 51 86
22 46 77 89 91
28 32
67 77 98
46 50 81 94
10 62 78 84
37 75 78 89
64
37 50 65 69 79
27 34 71 73 76
5 92
84
71 82
25 100
91
23 41
15 35 71 75 99
1 36 50 77
58 64 94
35
28 94
1 35
2 21 25 37
19 35 37 87 90
30 44 54 55 95
7 25 28 61
9 15 57
16 41 45 91
46 56 84 97
61
27 67 83
64 69
34 44
43 49 64 78 94
27
38 44 52 55 72
49 54 88 93 97
27 62 73
74 91 95 98
3 12 44 70 98
1 36 45 51 78
36 39
69
55 60 63 81
61
1 15 28 36
58 73
43
48
70 80 94
11 42 56 74 80
58
19 21
20 75
22 50 69 77
13 16 31 61
15 61 64
17 65 78 91
5 57 86 94
10 35 53 71 79
5 49 75
16 22 30 58 97
45 69
5 20 44 71 88
16 20 29 44 63
57 87
32 96
52 84
34 83
26 35 49 83 91
2 39 58 86 96
16 62 65 82 85
57
16 37 59 77 87
29 44 53 84
24
10 26 33 85 93
75 77 88 100
10 25 44
4 33 42 46 50
8 19 24 26 30
40
22 45 49
93 94
56 60
53 76 85
3 76
13 48 49 57 73
3 72
74 88
2 75 81
61
69
32 59 60
15
2 26 28 43 52
14 53
22 29
36 43 51 54 75
32 62
19 58
37 71
20 38
24 87
1 11 58 90
57 62
9 21 46 82
45
62 69 91 95
16 39 57 73 76
2 11 27 81 93
46
7 8 11 33 50
16 58 77 91
26 63 67 72
31 39 41 42
29 41 91 99
20 61
98 100
38 47
67 94
50 56 70
1
77
3 14
13 45 64 84
3 10 32 90
38 70 91 93
6 76 80
6 59 77
32
14 51 56 98
1 7 55 83
16 22 26
49 75 99
49 52 78 94 98
40 50 53
40 80
12 16 77
43
15
49
5 17
54
7 9 54 65
10 76 82 97 98
5 61 76
20 77
12 71 76
26 49
1 22 39 49 51
20 62
27 41 45 53
10 38
63 76 92
3 16 39 62 85
1 22 29
54
10 61 69 84 87
13 18 45 92
41 50 82 94
35
28 35 38 48
29 41 77 80
33 44 62
57 78 84 100
2 77 96
4 22 82
19 53 61 70 88
41 75 86
6 15 73 84 88
39 80 96
37 46 57 84
16 72 84
7 73 100
2 43 51 84
59 92
20 30 57 75 92
63 70 87
57
30 59 83
3 7 55 68 96
53
74 85
32 47 52 66
54 78 86
7 28 67
81 90
11 33 36 44 87
38 50 72
12 79 98
35 54 85 98
14 33 62 86
93
37 100
6
21 75
24 87 89
4
36 46 49 79
6 66
77
3 20 25 92
21 34 35
3 26 27 45 48
32
9
78
7 51
37 69 87
30 89 99
91
23 28 50 77
4 39 46 55 65
43 64 66 86 90
35
42 52
12 17 62 83
8
10 14 25 47 55
88 90 92
19
81 83
42 46 82 89
25 33 88 93
8 96
28 44 55 59
3 11 22 26
22 27
39 58 73
41
32 41
16 49 77
31 47 79
15 76 81 82 90
15
16
11 18 24 79
49
86 88 98
27 54 65 97
65
13 21 25 33 94
55 61 70 83
9 23 31 41 99
16 20 40
7 11 35 56
1 8 19 83 85
59 63 66
1 59 79
34 63
9 66
58 73 77 83
29 41 45
22
23
15 58 85
63
30 44 45 69
74 82
24 70 85 90
1 36 49 94
9 48 62 94
13 49 62 63 94
34 79
20
24 86 91
3 64 91
10 43 57 62 87
12 30 63
93
17 35 47
54 96
2 90 93
14
3 28 79 88 96
16 44 47 58
53
30 44 97
56 88
24 25 57 67 72
8 40 92
10 29 30 79 100
17 50 58 74 78
19 41 42 80
26 29 50 66 87
17 25 37 45
10 90
6 8 27 55
33 80
4 40
11 59
41
49
20 34 70 77
57 82 90
7
12 20 23 35 55
80 94
40 63 68 86
32 60
27
6 8 15 84
34 95
13 68 76 93 97
11 33 43 60 94
17 45 64
25 41 98
46
7 9 80
41 56 79 87 93
1 44 80
89 91
6 7 94
2 42 59 81 83
30 70
23 26 58 79 82
9 19 51
25 71
45
12 21 50 57 66
12 22 35 81 88
75 79
6 11 25 40 92
93
40 76
84
49 97
27
44 80 100
17 24 77 90
27 94
95 100
17 39 78
16 20 45 96
25 44 71 81
20 25 65 74 93
3 80
71 80 83
68 78 84
62 84
18 41 42
14 35 58
71 94
19 26 46 65 76
55 59
22 30 41 79
21 79 95
95
11
45 59 66
23 24 25
25 70
12 14 50 83 97
38 63
43 58 68 96
32 45 53
26 82
14 18 48 73 74
54
10 41 85 86 95
49
12 15 58 76
20 27 94
42 50 76
2 10 73
4 15 47 68 94
2 20 73 94
10 26 35 66
12 24 81 86
13 21 32 49 64
39
10 40
31 74 76 77 94
19 25 39
1 2 4 40 81
12
23
6 87
31 42 50 69 97
26 43
7
77
38 90 96 97
6 45
19
16 75
30 43 52 81
69
27 58 78
30 61
23
38 54 97
82
11 20 43 58
1 28 34 75
5 9 25 57 69
35 58
37 38 69 76 89
5 69
39 44 87 89 98
54 89
58 68 89 95 96
62
36 60 92
90
47 55 57
50 88 92
37 38 65 69 75
6 10 77 94 97
93
8 18 37 38
71
16 55 95
4 30 35 54 100
52 64 94 100
76
28 51 60 63
12 72
29
17 45
48 54 86
1 37 45 72
28 44 98
17 33 97 99
74
1 23 41 55 79
6 15 36 55 86
6 30
11 18 19 25 36
32 100
57 64
26 56 77
1 27 98
41 84
26 45 55
10 49
7 34
10 50 71
49 91
12 72 86
4 27 29 40 81
3 23 51 76 79
26 44 69
13 52 61
20 22 74 92
13 70
28 46 58
13 43 45 71 74
40 97
66 79
21 65
77 95
3 40 46 92
11 44 57 60 97
70 98
6 27 61 65 88
10 33 70 71
43 52 90
8 97
30 50
57
3 80
34
42 47 85
1 38 85 86
11 55 73 99
3 15 21 27 79
7 53 59 73 81
12
32
15 48 86
2 6 44 72 87
23
21 77
16 20 57 82 88
21 84
20 32 52 93
19 30 78
14 73
22 34 78
85
80
16 47 81 90 94
12 49 53 73 74
27
1 31
14 35 45 99
18 25 36 60 99
48 58 60
1 67 73 76 77
2 92
34 66 72
64 71 94
7 49 58 77 81
93
26 45 70 84
7 22 65 67 97
29 36
10 17
56 77 88
57
19 31 43 75 94
49 56 71
8 9 29 84
14 22 82
50 76
28 49 67 92
7 37 96
41 54 57 100
16 23
7 21 47 92 97
7 13 38 87
77 86
13
35 64 100
67 75
31 42 75 77 85
64 86 88 95
45 46 75 80
9 18 28 41 83
76
5 35 84 98
28 39 88
41 47
88
6 18 32 50
76 77
10 52
5 31 45 63 68
1 12 57 62
6 7 36
2 17 44 79 98
16 58 65 85
10
19 43 47 79
64
23 57 61
5 6 26 54
23 38 75
55 63 91 97
8 51 59
25 30 40 42 62
29
15 35 42
24 80
18 37 79
5 72
9 13 29 39 69
63 74 86
23 29 35
33 40 100
64 77
18 20 39
27 66
7 15 35 38
3 97
7 55 92
5 31 58 70 92
15
23 37 43 60 89
18 55 91
2 7 26 68
45 59 65 73 81
13 38 56 60 97
89
27 69 84
73
17 25 50 98
1 4 18 84 92
53 54 56 87
38 48 90
4 36 67 75 96
46 92
44 59 71 88 99
26 67 72 86 89
35 73
30 50 80 90
16
58
15 48 55 69
41
65 87
47 96
39 69
51 82 86 99
1 80 88
52
52 76 77
32 40 70 71 91
9 25 91
5 8 10 34 91
55 57 74 87 89
66
59 62 68 87
85
18 54 59 66 82
24
7 41 89
26 35 68 72
39 78 94
57 58 92 96
32 56 61 62 92
61
48 70 95
12 15 78 86 93
32 65 68 85
91 93
24 60
61 67 92
12
1 24 56 61 90
39
23 38 67 69 97
50 58 89
2 30 53 59 61
14 30 80
1 6 43 71 96
25 49 57 86
10 14 35 73
46 58
53 66 81 88
29 77 78 87 98
2 11 32 81
58
38 82
4 5 22 39
49 77 82
20 45 96
3 5 40
7
10 51
4
11 30 36 52
61 70 71 80
1 6 38 47 88
32
77 94
31 67
55
16 94
72 92
94
13 31 58
26 63 68 93
49 86
32 60 83 97 98
62
48 62 95
10 14 39 54
8 10 86 88
6
20 37 77 80 84
28 49 65 68
24 28 52 92 94
15 24 74 79 96
14 57 82
90
7
52 81 86
35 41 44 67 96
98
9
1 43
16 98
7 22 36
49 50
23 37 44 86
15 24 39 71
98
91
16 58
31 71 76 96 97
2 15 63 90
28 34 80
36 37 40
28 43 81 96
8 64 75
38 43 55 70
3 79
54 68
15 42 47 70 72
5 27 65 97
90
23 67 71 76 100
10 79
89
33 62 71 77 96
5 13 36 88 93
33 43 91
17 33 82
7 9 14 37
52 74 94
28
69
98
19 32 35 67 79
59 66 76
49 68 82
17 26 48 88
46 87
19 36 42
5 100
89 92
94
49 82
14 29 31 51 87
19 67 98
68 72 78
36 43 47 87
40 58 83 84 86
28 56 64
39 45 67
22 94
30
58
2 15 25 78 98
41 67
31
23
100
33 43 58 84
35 43 61 80 95
1 51 95
4 15 38 82 85
18 70
13 28 33 66 86
18
63
83
17 36 39 79
12 42 43 74
16
23 61
87 91
23
21 64 90 98 99
3 37 53 100
8 50 71 73
31 37 66 78
7 9 51
1 35 44 56 100
30
7 19
14 29 32 40 99
65 93
7 44
28 63 71
63 78 96
19 27 43 76
45 87 99
4 34 50 78
11 25 27 46 97
4 25 80
55 60
56
53 74
62
11 24
35 73
32 85 98
8 43 57 67
53 70 73 76 77
45
12 14 56 93
16 67 70 95
30
6 15 19
27 32 37 52 53
7 68
46 47 68 85 86
20 75
21 34 39 49
8 23 99
69 85
10 27 73
13 31 38 67 80
29 68 72 84
8 16 28 67 97
42 80
6 19 33 73
4 88 97
3 35 49 76
8
12 47 98
14
13 25 61
7 15
10 48 85 90
64 86
15 40 50 51 99
32 53 65 95
15 26 60 97
9 56 72
29 53 87
50 58 88
24 28 69 96
98
10 38
34
60
52 56 64 86
2 43 52 71
33 36 59 87 100
24 64 67 94
2 62 94 97
91 97
10 11 34 90 98
19 29 91
37 45 46 49 95
15 90 91
32 46 57 60
19 37 43 77 89
38 47 90
23
41 43 91
33 51 72
14 33 34
5 24 57
7
73
9 32 96
25 30 32 43 72
31 67 68 85 92
82
40
6 21 30 69 95
3 48 64
86
1
13 49 57
2 10 58 73 75
32 90
89
12 30
25 68
46 64 75
15 95
4 78
42 57 84
51 65 70 72 86
3 8 23 71
52 75
5 24 32 52 89
10 46 87 92
6 18 46 50 68
22 85
33 60
11 16 32 81 84
24 52
12 56 75 83 91
5 9 29
21
25 35
26
18 47 60 67 89
52 54 55 90
22 33 91
6 63 67 71
29 55 66
14 61 67
18
36 86 93
6 40 65 84 99
87
17 35 69 90
2 74
16 24 87
14 36 55 82
3 14 57 81
14 55 78 89
19 80
20 94
31 73 78
24 76 82 83 96
9 28 61 86
33 38 94
2 11 38 93
19 27 37 76 82
17 42
13 35 41 77
15
5 60 71 90
5 39
11 23
34 62 74 77
25 45 71
33 100
10 21 62 82
6 40 47
32 45 90
77 78 82
58 61 68 94
36 53 89
23 85
22 59
6 36 39 100
41 75
5 16 79
15 17 41 53 63
20 34 56 83
12 21 40 48 64
22 29 58 84 100
35 45 62 98
48 81
99
29 82 86 90
5 23 56 77 99
53 66 71
39 54 88
13 15 40 48 78
19 38 72 75 76
17 21 61 78
14 27 31
77 92
77
19 21 33 39
3 14 28 59
28 36 58 95
10 65 96
6 81 87
8 18 61 91 95
5 17 51 92 93
31 75 80 99
12 31
12
72
82 89
37 50 56 60 99
6 30
21 22 23 96
19 64 86
14 37 43 56 61
25 35 71
18 35 55 70 78
80
19
8 32
5
51 61 84 92
28
7 54 59 73 75
39
39 50 54
58 63 79 92
6 35
7 75
44
9 35 53
21
15
1 8 58
3 21 32 42 47
2 42 75 83
15 20 68 76
48 59 93
26 30 42 64 85
8 27 30 32 100
24
49 56 84
32
47 60 83 98
32 43 55 61 99
11 43 71 92
35 42 81 98
86
75 89
87
56
55
97
100
28 60 68 91
49 58
17 18 80 95
23 42 93
18 24 32 40 50
52
75 87 96
23 27 36 53 95
14 16 39 53 62
22 26 57 98
24 38 52
6 55 74 89
63 77
13
2 29 57 65
2 46
13
6
35 66
13 74 99
78
64
3 4 42 83
3 7 19 39 83
44 84
18 34 40 85 86
18 35 36 52 87
78
28 89 90
3 21 55 73
81
4 7 20 43 94
10 39 40 86 93
21 41 52 80 100
41 54 97
10
49
51 71
60
20 46 74 76
30 65
2 52 74
25 65
17 71 85 97
27 66
42 52 64 69 74
5 14 35
7 20 29 64 99
17 36 79 85
53
4 50 64
14 33 48 63
24 60 67 79
80
28 47 74 80
16 21 52 71 81
16 27 37 91
12 40 88
23 27 99
66 94
45 90 98
4 13 18 22
13 72 97
32 63
24 57 61 88 97
60 79
34 58
68 82
93
78
60 66
66 74
22 39 63 88
46 65 76 77
18 26
13
1 76
64
9 37 56
28 60
4 21 42 62
96
43 54 62 97
2 43
59
6 8 29 77
22
44 65 78 90
28 58
4 19 38 39 97
10 27 33 59 86
21 33 37 40 67
35 71
35 41 50
7 13 77 95
19 75 89 93
15 16 92 94
11 64 88
15 54 63 97
85
20 97
38
39 42 48 50
59 61 71
3 56 62 79 97
10 35
56
13 17 21 59 71
11 26 27 61 82
19
16 48 79 81
32 48 100
53 84
21 70 72 78 81
29 59
3
4 47 57 76
22 61 62 73 87
11 66 72
45 59 63 81
3 23 49
55 57 63 70 96
18 62
46
6 23 77 95
91
6 38
20
44 51 81 94
28 82 85 90
3 42 70 100
23 44 68 99
80
1 5 16 35 84
3 12 54
28 51
11 83 96
18 23 26 51
20
79 81
5 16 23 78
59
28 60
8 28 40 54 79
9 25 36 42
8 48 57 98
34 58
5
29 69
61
61 69
15 44 48 54 76
15 16 17 85
25 65 87
15 44
17 18 59 65 69
38 48 61
6 59
20 51 58 60 75
13 85 88 94
2 35 63 91
15 82
68 80 97
40 47 75
14 36 86 98
42 46 69 96 99
88
16 90
57 81 97
37
3 22 85 90 100
2
23 48 73 96
24 31 47 82
24 59 96
10 12 33 84 86
35 48 51 56
28 38
36
18
67 77
15 37
17 35 82 94
84
5 72 88
1 4 8 16 35
54 100
59
22 73 74 75 81
52 81
12 14 33 71
29 32
28 50 64 97
42 46 73 87
9 69 74
35 56 73 91 96
14 42 68
38 41 66 71 99
25 26 31 40 88
42 60 78 80
74
2 71
15
16
13 67 82
32 71 82 89
4 47
4 9 34 89
2 17 42 76
31 35 67
20 23 83
7 84 86
44 58 70
8 36 46 67
10
2 6 80
33 36 57
76 83 84
46
3 34 78
58 97
95
14 24 81 96 100
12 32 41 56
4 8 65 99
58
74
6 22 38 41 87
16 39 40
7 33 44 89 93
47 86
5 14 49 75 78
7 19 33 77 95
14 30
9 23 39 52 60
38
31 82
10 11 64 82
5 22 62
26 36
38 54
47 61 83
7 28 30 51 89
34 36 37 49 100
16 63 74
1 35 69 75
46 55 73 81 83
14 18 61
11 65 90 99
1 34 46 77
40
47 67 84
4 15 40 70 81
1 55 56 61 97
8 13 21 30 60
53 92
35
30 74 81 86 95
8 37 62
82 83
20 46 93
46
24 43
26 43
9
14 18 25 36
8 49
10 15 26 68 99
2 25 29 96 100
25 31 59 95
49 59 67
31 45 79 84
11 12 86
16 78
3 98
15 48 100
26 45
1 53 59 70
6 40 47 55 82
100
58 96 97
5 45 51 59
12 47 80 98
20 66
34 56 74
51 89
15 35 40 53 85
34 78
21 37 95
11 96
4 67 72
7 20 50 64 95
30 42 52 58
6 21 88
6 13 25 69
39 70
10 17 19 80
2 83
40 46 50
96
7 24 26 65 78
62
83
44 77
10 42 43 87 100
9 17 64 87
5 11 44 65 68
72
29 95 97
17 31 50
51
32 81
34 75
2 22 24 68 93
2
16 20 64 90
93
24
3 19 42 45 65
22 42 74 87
11 15 53 78 79
2 39
66 79
43 57 68 97
17 55
25 74 83 95
2 49
1 9 16 75 91
12 53
8 58 70 84
1 8 28 58 85
39 54
28 39 61 66
25 32 80
31 61 62 83
5 8 10 43 83
5 28 80 87
24 36 68 76
47
13 19 35 39 79
17 29 52 99
5 34 45 57 83
10 43 56 87 89
57 81 85
31 85 89 97
21
58 69
37 70
9 30 38 45 54
20 26
27 36
26 51 60 72
16 43 46
28 45 64
2 11
10
57
41 70 88
13 17 52 53 85
99
40 47 62 98
74 89 100
6 45 54 67 75
21 52 58
6 59 66
43 44 50 74 80
16 35 56 93
6 26 30 72 97
32 36 47 57 84
6 64 70
20 30 47 50 89
10 54 55 65 80
25 34 90
37 55 87
7 59 66 88 100
51 62 84
26 33 44 50
3 9 67
63 69
58 81 99
96
13 87 89 98
11 52 77 91
1 11 21 23 72
15 48 50 57
17 41 52 78
9 91
48 59 92
53
52 54 79 88
3 28 92
24 59 68 78 100
8 88
19 32 49 52
56 96
16 22 54 84 97
52 83
51 63 68 88 91
13 50 59 64 83
9 28 54 74 95
19 74
37
40 90
4 8 37 43 53
26 88 99
91
61 80
3 16 31 61 83
43
9 31 53
2 9 28 83
6 11 13 66 75
16 22 81 91
15 59 67 89 100
35
15 58 85
52 74
11 50
32 34 42 90
30 32 55 71 86
5 12 53 65 85
58
73
41
61 88
39 58 62 71 81
6 9 50 77 86
36
3 12 43 53 77
59 64
99
53 63 67 80 85
79
21 37 83 86 87
52
9 51 59 67
2 73
65
84
12 18 29 36 72
23 61 89 95
25 60 69
92
6 13 90
11
3 16 57
16 65 96
11 54
68
2 22 27 30
19 42 51 95
9 65 85 87
14 32 81
4 5 7
3 26 77
23 50
12 26 50
29 58
14 32 49
11 33 35 87
19
8 15
49 84
9 27 55 78 97
18 28
28 35 66
13 25
41
47 89
94
35
2 3 46
45 46 79 89 98
83
13 25 41 54 65
87
32
15 28 32 37 79
24 29 41
65
61
41 64 71
70
6 81 99
16 20
2 61 67 80 90
14 97
78
46
20 33 54 99
39
4 65 91 100
2 4 32 33 85
25 26 58 88 94
80
11
27 37 76 97
43 59 99
19 28 36
8 12 45 63
38 41 63 91
37
45 59
41 89
5 33 54 57 97
12 33 39 74
54 93
18 50 55 77
62 68
86
20 29 70
13 52 59
37 64 69 95
13 45
12 57 59 62
70 94
14 54 75
1 7 41 70 83
8 67
5 11 12 13 50
9 13 36 39 76
11
5 11 35 52
17 36 49 57
27
10 56 86 96
26 39 42 56
18 32 81
33 42 61 63
11 73 85 94
10 18 30 43 92
6 91
38 94 98
1 66 79
32 93
3 44
37 86
65 88
1 42 73
3 50 52
20 25 73 82 95
5 31 42 92
34 72 99
85
23 30 76
61 67
22 30 75
60 95
22 44
32 88
35 39 41 61 73
1 34 69 71 95
1 10 40 45 49
87
25 40 74 80 93
69 90
24 50 59 87
6 31 47 71 99
10 54 57 58 71
7
27 33 37 44 97
19 26 29 73 89
6 16 79 91
6 85
25 26 41 95
10 16 22 71 82
24 65 69 78
10 83 96
41 62 70 71 94
72
3 43 87
73 81
11 53 58 97
48
22 53 54 56 85
6 18 75 88
6 9 29 41 61
34
6 10 23 76 95
30 35 37 40
38
16 37 42 53 62
6 54
2 26
34 63 66 87
24
25 30 44
22 71
100
12 19 33 45 81
33 55 60 80
30
38
31 41 54 69
12 19 33 68
19 95
65 91
5 12 27 88
9
43 75 94
29 46 56 67
75 78
65 84
48
10 60 76 80
98
12 33 47 78
5 33 37 40 90
47 96
3 63
14 54
6 56 61 85
67
16 34
42 49 100
48 62
1 99
45 57 73
39 63 94
93 100
18 28 83
51 74
7 31 65 71 88
1 45 63 81
4 15 33 67 76
25 31 62 82 88
29 31 65 74
50 59 98
56
32 43 59 61 75
8 13 45 71 72
67 92
54 76
33 38 53 75
10 54 68 73
17 42 63 76
46
6 58
15 30 59 72
9
6
14 22
11
38
40 90
1 27
34 72 91
31
6 59 65 94
44 60 64 82 94
8 17 47 69 90
7 26 35 46 60
19 54 86
24 33 68 92 100
39
12 59 67
14 68
32
3 57
3 57
51 89
26 29 59
2 39 74 91 92
38
23 27 53 77
75
23 35 71 78 90
57 67 75
11 57 61 79 95
22 43 58 97
100
6 19 44
10
16 41 44 56 90
11 30
3 87
17 29 32 45 63
98
25
44 57 79
88
2 72
82 86
5 24 62 63 76
15
13 14 72
20 69 82
27 45
55 79 81 89
21
6 21 28 36 82
17 30 50 55
18 29 54 63
52 73 89
59 69
19 38 65 92
42 43 81
22 30 37
3 47 54 65
5 11 89 93 99
56 57 99
6 27 34
14 90 97
2 20 29 59 60
38 72 75 81
41 50 80 86 87
27 46 86 98
28 53
9 41 44 83 97
64
3 28 45 59 77
41 47 58 89 97
35 57 98
19 60
64 77 97
3 52 60 79 95
40 83
47 64
18 68 88
35 66 98
53 65
88
59
97
20 33 58
21 44 62
13 39 41
25 37 44 88 99
83
36 43 45 83
4 62
10 36 55 64
87
12 39 89 97
38
48 81
22 28 50 97
44 71
58 67
6 20 27 63 76
10 41 57 73
23 63 71 91
3 6 8 42 83
51 60 82 95
6 31 74 83
19 21 25 86
26 41 91
28 33 61
66
49 56 69 78
20 40 48 59
15
32 44 52 60 81
32 77
49
26 41 65 92 97
35
72
6 19 31 61 70
8 19 46 60
51 61 74 83
33 88 90
9 91
7 29 51 56
49 55 96
19 30 79 92
17 68 89
12 23
63
22 25 56 67 97
10 53 72 75 94
68 74
13 14 43 81 93
31 78 87 91 98
10 30 42 76 80
1 10 18 80 86
46 63 69 76 100
34 54 95
6 32 60 78
8
31 98
90
26 37 53 66 80
33 91
49
8 67
5 10 36 41 94
2 27 35
1 23
8 76 78
33
66 71
76
8 18 50 54
5 70
20 50 66
5 9 25 98
22 24 42 98
66
54
48 69 91
11 16
93
44
41 53 55 69 99
63 71
26 46 78
21 30 35 84
48
28 49 55 78
24 25 46 64 66
9 57 78 83 86
10 17 23 73
46
41 46 59 75
47 83 87
5 20 53 87 88
21 46 50
7 15 46 94 98
46 89
38 44
16 72 78 95
20 72 82
12 28 46 65 93
16 22 85 89 95
12 85
8 82 83 99 100
10 12 18 47
28 35 56 94 99
3 7
2 4 7 34 89
16 54
4 32 38 47 84
62
26 44 65 75
17 63 68
28 31
8
15 52 53
5 54 66
10 46 67 69 91
18
73
18
57
62 86 98
36 37 88
59
72 80 97
31 40 43 52
60
52 58 78 85
24
50
6 23 93
95
3 5
79
32
7 10 48 79
13 38 88 95
25 29 42 68
50
3 5 6 24 61
12 23
1 21 30 76 94
67 97 98
4
33 43 54
52
25
21 50 52 61
5 18 32 62 98
63 80 81 83
15 46 48 68
15 20 39 49
60 65 70
35 56 58
60 91
27 92
56 77 84 98
64 66 75 98
21 62 96
7 29 79 98
39 97
11 32 89
5 6 66 70 92
6 34 62 65 80
68 90
22 38
22 28 45 100
46 60 78 81
18 24 67 94
33 79
9 11 25 84
16 32 62 65
8 27 32 63 76
1 68 69 74 75
38 42 50 90
22 28 72
16 31 98
41 53
88
7 17 82
28 59 60 61 77
49 55
28 86 97
48 75 79 96
81
25
15 24 57 79
11 23 31 52 58
26 51 67 96
18 57 61 74
85
35
4 16 67 87
35 73
21 70 74 91
15
46 48 72
12 68 72 82
6 76
4 36 73 91
9 22 33 45 94
37 63
54 57 93
7 84
41
12 19 78
55 60 66 94
10 30 76
2 12 74 94 96
19 30 61
1 2 26 59 80
22 53 89 91 93
1 81 88
10 24 55 77
4 14 61 81
49 79
14 33 51 66
25
16 37 43 65 71
82 99
25 61
11 23 32 54 86
55
3 43 51 55 64
12 33 46
30 94
10 74 75 77
1 48 61 77 81
7 47 58 77
72 77 80 88 93
54 73 75 95 97
17 30 76
65 84
10 39 47 74
19
71
11 22 27 41 44
41 45 80
44 54 81 83 84
39
8 9 25 56
42 76
34 67 78
15 34 57 71 90
66
46
3 55 65 77
17 55 70 71 94
36 67
37 61 88
1 43 96 97 99
8 39 46 77
30 57 83 86 93
2 8 74 91
60 82
2 5 24 99
47
26 30 44 94
52 57 75
30 38
27 68
27 34 45 71
8 36 66 77 95
68
7 13 38 39
21 36 47
25 80
67 90
46 91
6 41 47 52 75
19 28
42 50
27 87 94
5 37 76
21 28 52 65
1 10 37 40 86
43 89
7 11 17 38
11 24 33 88 92
5 15 80 91
12 33
5 46
69 87 98
9
18 30 36 38
77
5 25 97
11 17 38 86 89
14 60
5 86
53
33 35 48 57
13 29 60 87 99
10 24
26 28 58 71 91
42 93
80 89 94
80
3 7 45 64 93
52
7 65 68 76 90
1 88
28 29 34 60
72 87 88
19 28 54
33 40 65
16
74
5 19 59 61
15 16 27 69
25 26 63
8
12 36 41 75
98
26
14 60
11 21 65 67
19 33 90
7 21 67 74
43 63
43 68
13 26 35
2 60 82 92
65 98
30 36 69 71
21 65 84 89 95
12 42 63 72 76
11
67 81 93
21 76
5 75 77 92
4 9 13 20 66
2
52 62 85
15 54 62 63 84
91
100
10 50 93
10 28 32 66 99
11 36
2 48 50 84 87
16 63 95
3 19 26 39 97
3 56 97
50 85
34 95
29 31 42 44 93
24 25 46 71
7 58
30 63 77 85 99
17 64
5 59 64
39 61 90 96
3 47 51 61
43
20 45 60 96
42
13 17 33 84
20 67 72
40 94
28 64
62 66
24 73
16 59 74
25
7 32
14 27 34
26 63 88
3 21 22 47 56
8 88
62 70 90
20 76
62 70 82
57
71 87
18 64 67 89
4 8 78 92
13 14 20 42 97
56 71 81
52 71 77
40 87
48 68 72 85 95
12
5 74 79 100
58 70
7 38 78 96
10 20 62 66 78
31 43 88 97
21 98 99
90
11 24 25 96
24 83
85 89 90
41 92 97
2 5 38
41 68 73 76
5 18 40 90 91
70
29 93
79 81
22 92
14 30 35 65 94
35 54
33 79
4 5 28 42
68
11 14 66 69
21 51 77 80
95 98
9 65 70
4 50 91
18 77
97
11 65 70
60 96
34
11 33 47
21 40 94
2 6 26 90
92
19 28 37 47
41 72 80
19 33 64
7
11 81
67
12 13 74
71
27 46 63 81
7 12 23 31 91
70 83
25 42 50 59 95
12 57
28 72 77 85
25
24 28 31 61 87
47
4 15 18 50
65 71 87
73
23 45 79 94
61
11 31 60 95
10 37 100
24 34 62
14 20 28 90
32
19 23 26
17 23 60
34 36 59 68
1 36 97
100
24 79 83
72
13
25 44 69 74 89
66
11 36 44 98
59 70
3 29 32 94
6 99
36 43 52 78 80
4 9 44 58
12 36 50 53 66
58 97 99
17 41 61 73 86
2 58 74 99
3 15 52 92
31 44 74
14
